0
0
0
0
0
0
0
0
0
0
0
0
0
0
0
0
0
0
0
0
0
0
0
0
0
0
0
0
0
0
0
0
0
0
0
0
0
0
0
0
0
0
0
0
0
0
0
1
0
0
0
0
0
0
0
0
0
0
0
0
0
0
0
0
0
0
0
0
0
0
0
0
0
0
0
0
0
0
0
0
0
0
0
0
0
0
0
0
0
0
0
0
0
0
1420
4323
670
-7260
4468
-4126
-2872
-8067
-5333
2290
5255
-3373
-7571
-1932
4216
3558
5958
-2293
-5579
1755
5743
-4047
3063
-7048
2412
-5672
1537
-3225
-4360
-4540
1464
-7473
6007
-4389
87
-1164
-1496
-435
-6846
5190
-7461
2525
-2021
-1596
-2789
-6832
-3931
4649
4250
2676
-4418
7917
1025
7383
-3402
5295
-4593
5069
7740
7485
-3528
-8076
2156
-3106
-793
-1284
-6317
-5445
-857
-1547
-1153
2226
-3982
-4070
1579
4479
-1896
2167
-8029
-4422
-2413
-2452
2985
5796
-1704
3757
-120
-2451
-2402
-52
-5702
4110
-6446
-7031
6906
-6024
71
4005
-3896
4437
1906
-1908
-186
2631
-2819
6576
-4953
-6151
3968
7432
3380
-7162
1505
-8003
7983
-4291
6210
-4734
2003
6232
-3936
