Signal Legend:

Key        Signal Name

0        = sine_1:inst35|probe
1        = sine_10:inst36|probe
2        = p_sine:inst37|probe
3        = a2d_data:inst38|probe
4        = fir_out

Data Table:

Signals-> 0    1    2     3     4     

sample

-256      7682 2957 8413  3136  1648  
-255      7799 5489 10639 1876  1737  
-254      7902 7487 13288 103   1818  
-253      7989 8189 15389 -1596 1891  
-252      8061 7322 16178 -2626 1956  
-251      8117 5223 15383 -2666 2013  
-250      8158 2690 13340 -1775 2062  
-249      8183 697  10848 -361  2103  
-248      8191 4    8880  958   2137  
-247      8183 878  8195  1611  2162  
-246      8158 2982 9061  1282  2179  
-245      8118 5514 11140 22    2186  
-244      8062 7502 13632 -1746 2184  
-243      7990 8187 15564 -3407 2172  
-242      7904 7307 16177 -4398 2150  
-241      7801 5199 15211 -4384 2120  
-240      7684 2666 13000 -3445 2082  
-239      7554 683  10350 -1980 2036  
-238      7409 5    8237  -608  1983  
-237      7250 893  7414  107   1922  
-236      7080 3007 8143  -167  1853  
-235      6899 5538 10087 -1352 1776  
-234      6705 7516 12437 -3037 1691  
-233      6501 8186 14221 -4619 1598  
-232      6288 7291 14687 -5506 1498  
-231      6066 5173 13579 -5387 1392  
-230      5837 2642 11239 -4341 1280  
-229      5601 669  8479  -2767 1164  
-228      5359 7    6270  -1297 1044  
-227      5111 910  5366  -483  920   
-226      4860 3032 6021  -654  793   
-225      4606 5561 7892  -1735 661   
-224      4350 7531 10167 -3311 525   
-223      4092 8185 11881 -4768 387   
-222      3834 7274 12277 -5532 246   
-221      3578 5149 11108 -5286 104   
-220      3324 2618 8727  -4113 -38   
-219      3073 655  5942  -2425 -179  
-218      2825 8    3728  -836  -320  
-217      2583 926  2833  70    -458  
-216      2347 3056 3509  2     -596  
-215      2117 5585 5403  -978  -731  
-214      1896 7544 7702  -2454 -865  
-213      1684 8183 9440  -3810 -997  
-212      1480 7258 9867  -4462 -1125 
-211      1288 5123 8738  -4119 -1249 
-210      1105 2595 6411  -2850 -1367 
-209      935  641  3700  -1071 -1480 
-208      778  9    1576  589   -1586 
-207      634  942  787   1563  -1686 
-206      503  3081 1576  1549  -1780 
-205      387  5609 3584  619   -1867 
-204      286  7558 5996  -804  -1948 
-203      199  8181 7844  -2105 -2022 
-202      127  7242 8380  -2711 -2089 
-201      72   5098 7369  -2321 -2148 
-200      32   2571 5170  -1022 -2198 
-199      8    627  2603  776   -2239 
-198      1    11   635   2445  -2271 
-197      11   959  12    3415  -2293 
-196      35   3106 970   3389  -2307 
-195      76   5633 3141  2445  -2312 
-194      133  7572 5709  1006  -2310 
-193      205  8180 7705  -321  -2299 
-192      293  7225 8385  -949  -2279 
-191      397  5074 7518  -588  -2251 
-190      514  2547 5471  676   -2214 
-189      645  613  3061  2422  -2167 
-188      792  13   1258  4031  -2112 
-187      950  976  805   4926  -2048 
-186      1121 3131 1926  4819  -1976 
-185      1303 5657 4252  3787  -1897 
-184      1497 7586 6960  2262  -1811 
-183      1701 8178 9083  860   -1720 
-182      1914 7209 9879  146   -1622 
-181      2138 5049 9123  427   -1518 
-180      2367 2523 7187  1599  -1408 
-179      2603 600  4890  3245  -1292 
-178      2845 15   3203  4736  -1170 
-177      3094 992  2860  5519  -1043 
-176      3345 3156 4086  5287  -913  
-175      3600 5681 6501  4136  -779  
-174      3855 7599 9281  2493  -644  
-173      4113 8176 11454 977   -507  
-172      4371 7192 12289 161   -369  
-171      4627 5024 11563 324   -229  
-170      4881 2499 9651  1400  -89   
-169      5132 586  7380  2916  53    
-168      5380 17   5718  4301  195   
-167      5621 1008 5397  4963  336   
-166      5857 3181 6629  4608  476   
-165      6086 5705 9038  3345  613   
-164      6307 7611 11791 1592  746   
-163      6519 8173 13918 -9    875   
-162      6722 7176 14692 -916  1001  
-161      6914 4999 13898 -832  1122  
-160      7096 2475 11913 152   1239  
-159      7264 574  9571  1601  1352  
-158      7421 20   7838  2895  1460  
-157      7565 1025 7441  3473  1562  
-156      7694 3206 8590  3050  1658  
-155      7810 5728 10900 1715  1746  
-154      7911 7625 13538 -90   1826  
-153      7997 8171 15536 -1738 1898  
-152      8068 7159 16168 -2676 1962  
-151      8122 4974 15227 -2618 2019  
-150      8161 2453 13096 -1650 2067  
-149      8184 561  10614 -214  2108  
-148      8191 22   8745  1067  2141  
-147      8181 1042 8213  1624  2165  
-146      8155 3231 9223  1190  2181  
-145      8114 5751 11386 -136  2187  
-144      8056 7637 13865 -1923 2184  
-143      7982 8168 15693 -3546 2170  
-142      7894 7141 16150 -4441 2148  
-141      7790 4948 15035 -4333 2117  
-140      7671 2429 12738 -3312 2077  
-139      7540 549  10100 -1829 2031  
-138      7393 25   8089  -500  1976  
-137      7233 1059 7418  130   1914  
-136      7063 3256 8292  -248  1844  
-135      6880 5775 10319 -1506 1766  
-134      6685 7650 12655 -3212 1680  
-133      6480 8166 14335 -4744 1587  
-132      6267 7124 14646 -5542 1486  
-131      6044 4923 13391 -5327 1380  
-130      5814 2406 10967 -4198 1268  
-129      5577 535  8220  -2605 1152  
-128      5335 27   6112  -1172 1031  
-127      5086 1077 5362  -452  907   
-126      4835 3282 6163  -731  779   
-125      4580 5798 8117  -1880 647   
-124      4324 7663 10378 -3470 511   
-123      4066 8162 11987 -4883 372   
-122      3808 7106 12228 -5547 231   
-121      3552 4897 10914 -5205 89    
-120      3298 2382 8449  -3957 -53   
-119      3047 523  5680  -2251 -194  
-118      2800 31   3570  -712  -334  
-117      2559 1094 2831  111   -472  
-116      2323 3306 3653  -62   -609  
-115      2096 5821 5629  -1112 -745  
-114      1874 7676 7917  -2607 -878  
-113      1663 8160 9550  -3913 -1009 
-112      1460 7089 9823  -4470 -1137 
-111      1269 4873 8549  -4034 -1261 
-110      1087 2359 6142  -2680 -1379 
-109      920  510  3446  -892  -1491 
-108      764  34   1430  725   -1596 
-107      620  1112 798   1607  -1696 
-106      491  3332 1732  1496  -1789 
-105      376  5845 3823  488   -1875 
-104      276  7689 6221  -952  -1956 
-103      191  8157 7965  -2202 -2029 
-102      122  7071 8348  -2715 -2095 
-101      68   4847 7193  -2229 -2154 
-100      30   2335 4915  -852  -2203 
-99       8    498  2365  962   -2243 
-98       1    37   506   2580  -2273 
-97       12   1129 38    3464  -2295 
-96       38   3357 1141  3331  -2308 
-95       81   5869 3395  2312  -2312 
-94       140  7701 5950  853   -2308 
-93       214  8154 7841  -426  -2297 
-92       303  7054 8368  -955  -2277 
-91       407  4823 7357  -497  -2248 
-90       527  2311 5230  848   -2209 
-89       659  485  2838  2596  -2162 
-88       806  40   1144  4151  -2105 
-87       966  1147 846   4963  -2040 
-86       1138 3382 2113  4752  -1968 
-85       1322 5891 4520  3648  -1888 
-84       1517 7712 7213  2104  -1802 
-83       1722 8149 9229  753   -1710 
-82       1936 7036 9871  128   -1612 
-81       2159 4797 8972  511   -1508 
-80       2389 2289 6956  1749  -1397 
-79       2627 474  4678  3409  -1280 
-78       2870 44   3101  4852  -1157 
-77       3118 1165 2914  5543  -1030 
-76       3370 3408 4283  5208  -899  
-75       3625 5914 6778  3984  -765  
-74       3881 7725 9539  2321  -630  
-73       4139 8147 11606 857   -493  
-72       4397 7018 12286 129   -355  
-71       4653 4772 11415 406   -215  
-70       4907 2266 9425  1542  -74   
-69       5157 461  7173  3081  68    
-68       5404 47   5618  4405  210   
-67       5645 1183 5451  4973  351   
-66       5881 3433 6828  4524  490   
-65       6108 5937 9314  3185  626   
-64       6328 7737 12045 1423  759   
-63       6539 8143 14065 -141  888   
-62       6742 7000 14682 -953  1013  
-61       6933 4746 13742 -772  1134  
-60       7113 2243 11679 281   1251  
-59       7280 450  9356  1750  1363  
-58       7436 51   7730  2996  1470  
-57       7579 1201 7487  3476  1572  
-56       7707 3459 8780  2948  1667  
-55       7822 5960 11166 1542  1754  
-54       7921 7748 13782 -268  1834  
-53       8004 8139 15669 -1878 1905  
-52       8073 6982 16143 -2718 1968  
-51       8126 4720 15055 -2552 2023  
-50       8164 2220 12846 -1519 2071  
-49       8185 437  10384 -72   2111  
-48       8191 56   8622  1158  2143  
-47       8179 1219 8247  1625  2167  
-46       8152 3485 9398  1100  2182  
-45       8108 5983 11637 -307  2187  
-44       8048 7760 14091 -2105 2183  
-43       7974 8134 15808 -3675 2169  
-42       7884 6964 16108 -4476 2145  
-41       7779 4695 14848 -4270 2114  
-40       7659 2197 12474 -3176 2074  
-39       7526 426  9856  -1674 2027  
-38       7378 60   7952  -395  1972  
-37       7217 1238 7438  136   1909  
-36       7045 3509 8455  -339  1838  
-35       6860 6006 10554 -1667 1759  
-34       6665 7772 12866 -3388 1673  
-33       6460 8130 14437 -4861 1578  
-32       6246 6945 14590 -5562 1477  
-31       6022 4670 13191 -5246 1369  
-30       5791 2174 10692 -4051 1257  
-29       5553 415  7965  -2448 1140  
-28       5310 64   5968  -1056 1019  
-27       5061 1256 5374  -434  894   
-26       4810 3534 6317  -805  766   
-25       4555 6029 8344  -2027 633   
-24       4298 7782 10584 -3635 497   
-23       4040 8126 12080 -4988 358   
-22       3783 6927 12166 -5567 216   
-21       3527 4645 10710 -5123 74    
-20       3273 2152 8172  -3799 -67   
-19       3022 404  5425  -2082 -209  
-18       2776 68   3426  -590  -348  
-17       2535 1275 2844  144   -487  
-16       2301 3560 3810  -134  -623  
-15       2073 6052 5861  -1253 -759  
-14       1853 7794 8125  -2755 -892  
-13       1643 8121 9647  -4003 -1023 
-12       1441 6908 9764  -4474 -1150 
-11       1250 4619 8349  -3926 -1273 
-10       1070 2129 5869  -2514 -1390 
-9        903  393  3199  -709  -1502 
-8        749  74   1296  853   -1607 
-7        606  1293 823   1642  -1705 
-6        480  3586 1899  1423  -1797 
-5        366  6075 4066  354   -1883 
-4        266  7805 6441  -1090 -1963 
-3        184  8116 8071  -2295 -2036 
-2        115  6889 8300  -2715 -2101 
-1        63   4593 7004  -2128 -2158 
0         26   2107 4656  -682  -2207 
1         6    382  2133  1140  -2246 
2         1    78   388   2709  -2275 
3         14   1312 79    3497  -2296 
4         43   3611 1326  3268  -2308 
5         87   6096 3654  2178  -2312 
6         147  7816 6183  713   -2308 
7         222  8111 7963  -514  -2295 
8         312  6870 8333  -957  -2274 
9         418  4568 7182  -399  -2245 
10        539  2084 4986  1008  -2206 
11        674  371  2623  2779  -2157 
12        822  84   1045  4277  -2100 
13        983  1331 906   4991  -2034 
14        1156 3637 2314  4673  -1961 
15        1341 6118 4793  3507  -1880 
16        1537 7826 7459  1949  -1793 
17        1743 8105 9363  650   -1701 
18        1957 6852 9848  126   -1602 
19        2182 4542 8809  597   -1496 
20        2413 2062 6724  1906  -1385 
21        2651 361  4475  3570  -1267 
22        2895 89   3012  4958  -1144 
23        3143 1351 2984  5555  -1017 
24        3395 3663 4494  5119  -886  
25        3650 6141 7058  3827  -752  
26        3907 7837 9791  2163  -616  
27        4165 8100 11744 749   -479  
28        4422 6832 12265 112   -341  
29        4678 4516 11254 481   -201  
30        4932 2040 9194  1680  -60   
31        5182 350  6972  3231  82    
32        5429 95   5532  4506  224   
33        5669 1369 5524  4970  365   
34        5903 3689 7038  4422  504   
35        6130 6164 9592  3011  640   
36        6350 7847 12294 1241  773   
37        6560 8095 14197 -261  902   
38        6761 6813 14655 -982  1026  
39        6952 4490 13574 -695  1147  
40        7130 2018 11442 422   1263  
41        7296 339  9148  1895  1375  
42        7451 100  7635  3082  1481  
43        7592 1388 7551  3467  1582  
44        7718 3714 8980  2846  1676  
45        7831 6185 11432 1374  1763  
46        7930 7858 14016 -447  1842  
47        8012 8090 15788 -2002 1912  
48        8080 6793 16102 -2741 1974  
49        8132 4465 14873 -2482 2029  
50        8167 1996 12597 -1380 2075  
51        8186 329  10163 66    2115  
52        8190 105  8515  1252  2146  
53        8177 1408 8295  1620  2169  
54        8148 3740 9585  993   2182  
55        8103 6208 11888 -478  2187  
56        8043 7867 14311 -2283 2181  
57        7966 8084 15910 -3797 2166  
58        7874 6774 16050 -4500 2142  
59        7767 4440 14648 -4189 2109  
60        7646 1973 12207 -3032 2069  
61        7511 319  9619  -1526 2021  
62        7362 111  7830  -302  1965  
63        7200 1427 7473  132   1901  
64        7027 3765 8627  -442  1830  
65        6841 6229 10792 -1831 1750  
66        6645 7878 13070 -3553 1662  
67        6438 8079 14523 -4976 1567  
68        6223 6755 14517 -5577 1465  
69        5999 4414 12978 -5159 1358  
70        5767 1952 10413 -3897 1245  
71        5529 310  7719  -2286 1128  
72        5285 117  5839  -956  1007  
73        5036 1447 5402  -429  882   
74        4784 3791 6483  -892  753   
75        4529 6252 8575  -2182 620   
76        4272 7887 10781 -3794 484   
77        4014 8072 12159 -5084 345   
78        3757 6735 12086 -5568 203   
79        3501 4388 10492 -5019 61    
80        3248 1930 7889  -3635 -80   
81        2998 300  5178  -1912 -221  
82        2751 123  3298  -474  -361  
83        2511 1467 2874  162   -499  
84        2278 3817 3978  -208  -636  
85        2051 6273 6095  -1394 -771  
86        1831 7897 8324  -2899 -904  
87        1622 8065 9728  -4090 -1035 
88        1421 6715 9687  -4462 -1162 
89        1231 4363 8136  -3811 -1284 
90        1054 1908 5594  -2339 -1401 
91        888  290  2962  -532  -1512 
92        734  130  1178  973   -1616 
93        593  1487 864   1670  -1714 
94        467  3842 2080  1353  -1806 
95        355  6295 4309  215   -1891 
96        257  7906 6650  -1230 -1970 
97        176  8059 8163  -2377 -2043 
98        109  6696 8235  -2703 -2107 
99        58   4337 6805  -2016 -2163 
100       24   1886 4395  -508  -2211 
101       5    281  1910  1322  -2249 
102       2    136  286   2829  -2278 
103       16   1507 138   3518  -2297 
104       45   3867 1523  3188  -2309 
105       92   6317 3912  2037  -2312 
106       153  7916 6409  566   -2306 
107       231  8053 8069  -597  -2293 
108       323  6675 8284  -948  -2271 
109       430  4312 6998  -290  -2240 
110       552  1864 4742  1180  -2200 
111       687  271  2416  2952  -2151 
112       837  143  958   4394  -2092 
113       999  1527 980   5000  -2026 
114       1174 3893 2526  4601  -1951 
115       1360 6339 5067  3359  -1870 
116       1557 7925 7699  1798  -1783 
117       1764 8045 9482  557   -1689 
118       1980 6656 9809  123   -1590 
119       2205 4285 8636  694   -1484 
120       2437 1842 6490  2068  -1371 
121       2675 262  4279  3727  -1253 
122       2919 150  2937  5067  -1130 
123       3168 1546 3069  5560  -1002 
124       3421 3919 4714  5027  -871  
125       3676 6361 7340  3672  -737  
126       3932 7935 10037 1996  -601  
127       4191 8039 11867 644   -464  
128       4448 6635 12230 105   -326  
129       4704 4261 11083 571   -186  
130       4957 1821 8965  1830  -45   
131       5207 253  6778  3376  96    
132       5453 156  5460  4595  238   
133       5693 1567 5609  4965  379   
134       5926 3944 7260  4313  518   
135       6152 6382 9870  2843  654   
136       6371 7943 12534 1074  786   
137       6581 8032 14314 -380  914   
138       6781 6615 14613 -999  1038  
139       6969 4235 13396 -621  1158  
140       7147 1799 11204 565   1274  
141       7312 245  8946  2040  1386  
142       7466 163  7557  3167  1492  
143       7606 1587 7629  3456  1592  
144       7731 3970 9193  2734  1686  
145       7842 6403 11701 1201  1772  
146       7939 7952 14245 -625  1850  
147       8020 8025 15891 -2115 1919  
148       8085 6594 16045 -2767 1981  
149       8136 4209 14679 -2404 2034  
150       8169 1779 12345 -1244 2080  
151       8188 236  9948  212   2119  
152       8190 171  8424  1325  2149  
153       8175 1608 8361  1609  2171  
154       8145 3997 9783  877   2184  
155       8097 6424 12142 -656  2187  
156       8036 7960 14521 -2450 2181  
157       7957 8018 15996 -3907 2165  
158       7864 6574 15975 -4516 2140  
159       7756 4182 14438 -4107 2106  
160       7634 1758 11938 -2892 2065  
161       7497 227  9392  -1384 2016  
162       7347 178  7724  -223  1959  
163       7184 1628 7525  127   1895  
164       7009 4023 8812  -549  1822  
165       6822 6445 11032 -1998 1742  
166       6625 7969 13267 -3719 1654  
167       6418 8010 14594 -5079 1558  
168       6201 6554 14428 -5583 1455  
169       5976 4156 12755 -5062 1347  
170       5743 1736 10132 -3741 1234  
171       5505 219  7479  -2131 1117  
172       5260 185  5724  -865  995   
173       5011 1649 5445  -427  870   
174       4759 4048 6660  -985  741   
175       4503 6466 8807  -2337 608   
176       4247 7977 10969 -3942 471   
177       3989 8003 12224 -5176 331   
178       3732 6532 11992 -5557 190   
179       3476 4130 10264 -4912 48    
180       3222 1715 7606  -3467 -94   
181       2973 211  4937  -1744 -235  
182       2727 193  3184  -365  -374  
183       2487 1669 2920  175   -513  
184       2254 4075 4156  -297  -649  
185       2028 6487 6329  -1544 -784  
186       1810 7984 8515  -3038 -917  
187       1601 7994 9794  -4171 -1047 
188       1401 6512 9595  -4444 -1174 
189       1214 4105 7913  -3700 -1296 
190       1037 1694 5319  -2168 -1412 
191       872  203  2731  -358  -1523 
192       719  201  1075  1084  -1626 
193       581  1690 920   1683  -1724 
194       455  4100 2271  1270  -1815 
195       344  6507 4555  79    -1900 
196       249  7993 6851  -1371 -1978 
197       168  7987 8242  -2452 -2049 
198       104  6492 8155  -2674 -2113 
199       54   4080 6596  -1899 -2168 
200       21   1674 4134  -331  -2215 
201       4    195  1695  1498  -2252 
202       3    210  199   2940  -2280 
203       19   1711 213   3531  -2298 
204       49   4125 1730  3109  -2308 
205       97   6529 4174  1890  -2311 
206       160  8001 6626  427   -2305 
207       239  7978 8161  -679  -2290 
208       333  6470 8217  -929  -2267 
209       442  4054 6803  -171  -2236 
210       565  1653 4496  1354  -2195 
211       702  188  2218  3116  -2144 
212       853  218  890   4495  -2085 
213       1016 1732 1071  5006  -2018 
214       1192 4151 2748  4503  -1943 
215       1380 6549 5343  3202  -1861 
216       1578 8008 7929  1656  -1773 
217       1785 7970 9586  472   -1679 
218       2002 6450 9755  134   -1579 
219       2228 4028 8452  808   -1473 
220       2461 1633 6256  2235  -1360 
221       2699 180  4094  3895  -1242 
222       2943 226  2879  5153  -1118 
223       3193 1753 3169  5554  -990  
224       3446 4177 4946  4909  -858  
225       3702 6569 7623  3508  -724  
226       3958 8016 10271 1837  -588  
227       4216 7961 11974 548   -451  
228       4473 6429 12177 107   -312  
229       4729 4002 10902 670   -172  
230       4982 1612 8731  1983  -31   
231       5232 172  6594  3530  110   
232       5477 235  5404  4670  252   
233       5716 1774 5712  4946  393   
234       5949 4202 7490  4192  531   
235       6174 6590 10151 2673  667   
236       6393 8024 12764 905   799   
237       6600 7953 14417 -481  926   
238       6800 6407 14553 -1003 1050  
239       6988 3977 13207 -531  1170  
240       7164 1592 10965 708   1285  
241       7328 165  8756  2168  1396  
242       7481 243  7493  3240  1502  
243       7618 1795 7724  3433  1601  
244       7742 4228 9413  2608  1694  
245       7853 6611 11970 1018  1779  
246       7948 8031 14464 -800  1857  
247       8028 7945 15979 -2223 1925  
248       8092 6386 15973 -2772 1986  
249       8140 3951 14478 -2321 2039  
250       8172 1572 12091 -1099 2085  
251       8188 158  9744  347   2122  
252       8189 251  8346  1393  2152  
253       8172 1816 8440  1576  2173  
254       8141 4253 9988  750   2185  
255       8092 6631 12394 -827  2187  
256       8029 8038 14723 -2625 2180  
257       7949 7936 16067 -4018 2163  
258       7853 6365 15885 -4524 2137  
259       7745 3926 14218 -4013 2103  
260       7620 1551 11671 -2737 2060  
261       7482 151  9171  -1240 2011  
262       7331 260  7633  -138  1953  
263       7167 1838 7591  98    1888  
264       6991 4279 9005  -668  1815  
265       6803 6651 11270 -2172 1734  
266       6604 8045 13454 -3886 1644  
267       6396 7927 14649 -5174 1548  
268       6179 6344 14323 -5575 1445  
269       5952 3900 12523 -4962 1336  
270       5719 1531 9852  -3578 1223  
271       5481 144  7250  -1978 1105  
272       5236 270  5625  -777  983   
273       4986 1859 5506  -433  857   
274       4733 4305 6845  -1097 727   
275       4478 6670 9038  -2499 594   
276       4221 8052 11148 -4095 457   
277       3963 7918 12273 -5261 317   
278       3706 6322 11881 -5538 175   
279       3450 3874 10028 -4796 33    
280       3198 1512 7324  -3295 -109  
281       2948 137  4710  -1581 -250  
282       2703 279  3085  -272  -389  
283       2465 1881 2982  172   -527  
284       2232 4331 4346  -392  -664  
285       2006 6691 6563  -1687 -798  
286       1789 8058 8697  -3185 -931  
287       1581 7909 9847  -4244 -1061 
288       1383 6300 9490  -4415 -1187 
289       1195 3848 7683  -3576 -1308 
290       1020 1491 5043  -1988 -1424 
291       856  131  2511  -194  -1534 
292       705  288  987   1189  -1637 
293       567  1902 993   1684  -1733 
294       444  4357 2469  1183  -1824 
295       334  6711 4801  -63   -1908 
296       240  8064 7045  -1503 -1986 
297       161  7899 8304  -2520 -2056 
298       97   6279 8060  -2644 -2119 
299       51   3822 6376  -1765 -2174 
300       19   1471 3873  -147  -2219 
301       3    124  1490  1667  -2255 
302       3    297  127   3046  -2282 
303       20   1924 300   3532  -2300 
304       53   4383 1944  3017  -2309 
305       102  6731 4436  1745  -2311 
306       167  8070 6833  286   -2304 
307       247  7889 8237  -746  -2289 
308       344  6257 8136  -899  -2265 
309       453  3796 6601  -53   -2232 
310       579  1451 4249  1528  -2190 
311       717  119  2030  3287  -2139 
312       870  307  836   4592  -2079 
313       1033 1946 1177  5005  -2011 
314       1210 4408 2979  4397  -1936 
315       1399 6750 5618  3053  -1853 
316       1598 8076 8149  1509  -1765 
317       1806 7880 9674  400   -1670 
318       2024 6235 9686  155   -1570 
319       2251 3771 8259  918   -1462 
320       2484 1432 6022  2395  -1349 
321       2723 113  3916  4040  -1230 
322       2968 318  2836  5244  -1106 
323       3218 1968 3286  5531  -977  
324       3472 4434 5186  4811  -845  
325       3727 6770 7906  3341  -710  
326       3984 8083 10497 1688  -574  
327       4242 7869 12067 458   -437  
328       4499 6213 12111 119   -298  
329       4755 3746 10712 773   -158  
330       5007 1412 8501  2136  -17   
331       5256 107  6419  3670  125   
332       5502 328  5363  4745  267   
333       5739 1990 5830  4917  407   
334       5972 4459 7729  4075  545   
335       6197 6790 10431 2496  680   
336       6414 8088 12987 738   812   
337       6621 7859 14502 -575  939   
338       6819 6191 14480 -1003 1062  
339       7006 3720 13010 -430  1181  
340       7181 1392 10726 857   1296  
341       7344 100  8573  2308  1407  
342       7495 338  7444  3301  1512  
343       7631 2012 7833  3390  1611  
344       7755 4485 9643  2474  1703  
345       7863 6809 12240 836   1787  
346       7956 8094 14672 -970  1864  
347       8034 7849 16050 -2319 1932  
348       8097 6168 15883 -2774 1992  
349       8144 3695 14265 -2224 2044  
350       8174 1373 11839 -952  2089  
351       8189 95   9547  488   2125  
352       8188 348  8284  1462  2154  
353       8170 2035 8536  1536  2175  
354       8136 4510 10205 620   2186  
355       8087 6828 12646 -1007 2187  
356       8021 8100 14915 -2796 2179  
357       7940 7839 16121 -4108 2161  
358       7843 6146 15779 -4512 2134  
359       7733 3669 13989 -3914 2099  
360       7607 1354 11402 -2588 2056  
361       7468 89   8961  -1101 2006  
362       7315 358  7557  -71   1948  
363       7150 2058 7673  66    1882  
364       6973 4536 9208  -786  1808  
365       6784 6847 11509 -2342 1726  
366       6584 8105 13631 -4042 1636  
367       6375 7829 14689 -5252 1539  
368       6156 6123 14204 -5562 1435  
369       5930 3643 12279 -4851 1326  
370       5696 1336 9573  -3422 1211  
371       5457 85   7032  -1831 1093  
372       5211 369  5542  -694  971   
373       4961 2080 5580  -460  845   
374       4707 4562 7041  -1212 714   
375       4452 6866 9269  -2656 580   
376       4194 8110 11318 -4235 443   
377       3938 7819 12304 -5330 303   
378       3680 6101 11757 -5504 162   
379       3425 3617 9781  -4674 20    
380       3172 1317 7042  -3123 -122  
381       2923 80   4489  -1420 -263  
382       2678 380  3003  -179  -402  
383       2441 2101 3058  156   -540  
384       2209 4587 4542  -499  -676  
385       1984 6885 6796  -1844 -810  
386       1768 8114 8869  -3315 -943  
387       1561 7807 9882  -4304 -1072 
388       1364 6079 9368  -4376 -1198 
389       1177 3592 7443  -3446 -1319 
390       1003 1298 4769  -1807 -1434 
391       840  75   2301  -24   -1543 
392       690  390  915   1282  -1646 
393       555  2124 1080  1676  -1742 
394       432  4613 2679  1079  -1832 
395       325  6904 5045  -212  -1915 
396       231  8120 7229  -1636 -1992 
397       154  7796 8351  -2575 -2062 
398       92   6056 7950  -2604 -2124 
399       46   3566 6148  -1633 -2178 
400       16   1279 3612  34    -2222 
401       2    70   1295  1834  -2258 
402       5    401  72    3138  -2284 
403       24   2147 406   3526  -2301 
404       58   4638 2171  2914  -2309 
405       108  6923 4696  1597  -2310 
406       174  8124 7031  152   -2302 
407       256  7785 8298  -808  -2286 
408       353  6033 8041  -852  -2261 
409       464  3541 6386  84    -2228 
410       592  1261 4005  1708  -2185 
411       732  66   1853  3443  -2133 
412       885  412  798   4678  -2072 
413       1051 2169 1297  4989  -2003 
414       1228 4664 3220  4293  -1927 
415       1418 6941 5892  2895  -1844 
416       1618 8128 8359  1373  -1755 
417       1828 7774 9746  324   -1660 
418       2047 6011 9602  191   -1559 
419       2274 3515 8058  1042  -1452 
420       2508 1242 5789  2565  -1338 
421       2747 61   3750  4194  -1218 
422       2993 424  2808  5314  -1093 
423       3244 2192 3417  5503  -964  
424       3497 4690 5436  4681  -832  
425       3752 6960 8187  3171  -698  
426       4011 8134 10712 1534  -562  
427       4267 7762 12145 382   -424  
428       4524 5988 12029 142   -285  
429       4780 3490 10512 885   -145  
430       5032 1224 8270  2295  -4    
431       5280 56   6256  3806  138   
432       5525 435  5336  4802  280   
433       5762 2215 5960  4872  420   
434       5995 4715 7977  3940  558   
435       6219 6978 10710 2316  693   
436       6434 8138 13197 581   824   
437       6641 7751 14572 -664  951   
438       6838 5965 14392 -994  1074  
439       7024 3464 12803 -327  1193  
440       7198 1205 10488 1006  1308  
441       7360 52   8403  2442  1418  
442       7509 446  7412  3360  1522  
443       7643 2238 7955  3343  1621  
444       7766 4741 9881  2335  1712  
445       7873 6996 12507 654   1796  
446       7965 8141 14869 -1133 1871  
447       8042 7740 16106 -2415 1938  
448       8103 5943 15782 -2760 1997  
449       8148 3438 14046 -2121 2049  
450       8176 1187 11586 -803  2093  
451       8190 48   9363  614   2129  
452       8187 458  8238  1515  2156  
453       8167 2261 8645  1486  2176  
454       8132 4765 10428 480   2186  
455       8081 7014 12897 -1194 2186  
456       8014 8146 15095 -2955 2177  
457       7932 7728 16160 -4198 2158  
458       7834 5919 15660 -4498 2130  
459       7721 3414 13753 -3807 2094  
460       7594 1168 11135 -2441 2051  
461       7453 44   8762  -966  1999  
462       7299 471  7497  -10   1941  
463       7133 2284 7770  24    1874  
464       6954 4791 9417  -923  1799  
465       6764 7033 11745 -2519 1716  
466       6563 8149 13797 -4193 1626  
467       6353 7715 14712 -5338 1528  
468       6134 5897 14068 -5532 1424  
469       5907 3389 12031 -4734 1314  
470       5672 1151 9296  -3259 1200  
471       5433 41   6823  -1691 1081  
472       5186 482  5474  -628  959   
473       4936 2307 5668  -492  832   
474       4683 4816 7243  -1328 702   
475       4427 7050 9499  -2823 567   
476       4169 8153 11477 -4377 430   
477       3912 7703 12322 -5398 289   
478       3655 5873 11615 -5472 148   
479       3399 3363 9528  -4542 6     
480       3147 1133 6762  -2946 -136  
481       2898 37   4280  -1265 -277  
482       2655 495  2935  -106  -416  
483       2418 2330 3150  133   -554  
484       2186 4842 4748  -605  -690  
485       1962 7068 7028  -1993 -824  
486       1747 8156 9030  -3448 -957  
487       1541 7691 9903  -4358 -1086 
488       1345 5850 9232  -4327 -1211 
489       1158 3338 7195  -3304 -1332 
490       985  1115 4496  -1627 -1446 
491       825  34   2100  137   -1555 
492       676  508  859   1361  -1657 
493       542  2353 1184  1661  -1752 
494       420  4867 2895  981   -1841 
495       314  7085 5287  -356  -1924 
496       223  8160 7399  -1762 -2001 
497       147  7678 8383  -2616 -2070 
498       87   5827 7825  -2550 -2131 
499       42   3312 5914  -1484 -2184 
500       15   1098 3354  223   -2228 
501       2    31   1113  2000  -2262 
502       6    520  33    3222  -2287 
503       26   2377 526   3504  -2303 
504       62   4893 2403  2803  -2311 
505       113  7103 4955  1454  -2310 
506       182  8162 7216  29    -2302 
507       266  7666 8344  -854  -2285 
508       364  5804 7932  -803  -2259 
509       477  3287 6168  220   -2225 
510       605  1081 3764  1882  -2181 
511       746  28   1686  3598  -2128 
512       901  532  774   4754  -2066 
513       1068 2399 1433  4964  -1996 
514       1248 4918 3467  4176  -1920 
515       1438 7120 6166  2735  -1836 
516       1639 8165 8558  1235  -1747 
517       1849 7653 9804  269   -1651 
518       2070 5781 9502  234   -1549 
519       2297 3261 7851  1173  -1441 
520       2532 1063 5558  2735  -1326 
521       2771 25   3595  4343  -1206 
522       3018 545  2796  5381  -1080 
523       3269 2423 3563  5462  -951  
524       3522 4943 5692  4561  -818  
525       3778 7137 8465  3002  -683  
526       4036 8168 10915 1388  -547  
527       4293 7641 12204 309   -409  
528       4550 5757 11934 169   -270  
529       4805 3236 10307 1002  -130  
530       5057 1046 8041  2451  12    
531       5306 23   6103  3948  154   
532       5549 558  5329  4863  295   
533       5786 2447 6107  4826  435   
534       6018 4968 8233  3801  573   
535       6241 7155 10986 2137  707   
536       6456 8171 13396 418   838   
537       6661 7628 14627 -743  964   
538       6857 5733 14289 -966  1087  
539       7042 3212 12590 -216  1205  
540       7215 1029 10254 1146  1319  
541       7375 20   8244  2561  1428  
542       7523 571  7395  3398  1532  
543       7657 2471 8094  3286  1630  
544       7777 4993 10128 2191  1721  
545       7882 7171 12770 467   1803  
546       7973 8173 15053 -1295 1878  
547       8048 7614 16146 -2493 1945  
548       8108 5709 15662 -2744 2003  
549       8151 3186 13817 -2012 2054  
550       8178 1013 11337 -660  2097  
551       8191 18   9191  731   2132  
552       8185 584  8209  1559  2159  
553       8165 2494 8769  1433  2178  
554       8128 5018 10659 337   2187  
555       8075 7188 13146 -1370 2186  
556       8006 8175 15263 -3110 2176  
557       7922 7601 16181 -4271 2156  
558       7823 5685 15523 -4471 2128  
559       7709 3162 13508 -3693 2091  
560       7580 995  10871 -2291 2047  
561       7439 15   8575  -843  1995  
562       7282 598  7454  38    1935  
563       7115 2519 7880  -32   1867  
564       6936 5043 9634  -1060 1792  
565       6745 7205 11979 -2690 1708  
566       6543 8177 13950 -4339 1616  
567       6332 7588 14720 -5400 1518  
568       6111 5662 13920 -5496 1413  
569       5884 3137 11773 -4614 1302  
570       5649 978  9021  -3093 1187  
571       5408 14   6627  -1549 1068  
572       5161 611  5422  -577  945   
573       4910 2542 5772  -542  818   
574       4657 5068 7452  -1460 687   
575       4401 7222 9725  -2982 552   
576       4144 8180 11623 -4514 414   
577       3886 7574 12324 -5446 274   
578       3629 5638 11460 -5421 132   
579       3374 3111 9267  -4401 -10   
580       3122 961  6485  -2774 -151  
581       2873 11   4083  -1118 -291  
582       2631 625  2884  -35   -430  
583       2394 2566 3256  98    -567  
584       2163 5093 4960  -723  -703  
585       1940 7238 7256  -2145 -837  
586       1725 8181 9178  -3567 -969  
587       1521 7561 9906  -4403 -1098 
588       1325 5614 9082  -4265 -1223 
589       1141 3086 6939  -3158 -1343 
590       968  945  4227  -1441 -1457 
591       809  10   1913  291   -1565 
592       662  637  819   1443  -1666 
593       529  2589 1299  1633  -1761 
594       410  5118 3118  864   -1850 
595       305  7255 5528  -508  -1932 
596       215  8183 7560  -1881 -2008 
597       140  7548 8398  -2662 -2077 
598       82   5591 7688  -2480 -2137 
599       39   3062 5673  -1332 -2189 
600       12   929  3101  409   -2232 
601       1    9    941   2156  -2265 
602       7    651  10    3295  -2289 
603       30   2613 658   3480  -2305 
604       66   5143 2643  2691  -2311 
605       120  7271 5209  1303  -2310 
606       189  8184 7391  -94   -2301 
607       274  7534 8373  -892  -2283 
608       374  5566 7808  -744  -2257 
609       490  3037 5940  364   -2221 
610       619  913  3527  2066  -2176 
611       761  7    1532  3746  -2122 
612       918  665  768   4818  -2059 
613       1086 2637 1583  4925  -1989 
614       1265 5168 3723  4052  -1911 
615       1457 7287 6433  2583  -1827 
616       1660 8186 8744  1108  -1737 
617       1871 7519 9846  216   -1640 
618       2092 5543 9390  289   -1538 
619       2320 3012 7635  1309  -1429 
620       2555 896  5332  2904  -1314 
621       2796 6    3451  4474  -1193 
622       3043 680  2802  5436  -1067 
623       3294 2661 3723  5413  -938  
624       3547 5192 5955  4420  -805  
625       3804 7302 8739  2831  -670  
626       4062 8187 11106 1248  -533  
627       4319 7505 12249 250   -395  
628       4576 5519 11824 218   -256  
629       4831 2987 10095 1128  -116  
630       5082 881  7818  2605  26    
631       5330 4    5963  4069  168   
632       5573 694  5334  4906  309   
633       5810 2686 6267  4765  449   
634       6040 5217 8496  3658  587   
635       6262 7319 11257 1960  721   
636       6478 8188 13581 271   851   
637       6681 7491 14666 -811  977   
638       6876 5495 14172 -928  1099  
639       7060 2962 12371 -98   1217  
640       7232 865  10022 1303  1330  
641       7391 4    8097  2678  1439  
642       7536 709  7395  3432  1542  
643       7669 2709 8245  3220  1639  
644       7788 5242 10378 2034  1729  
645       7892 7335 13030 286   1811  
646       7981 8188 15227 -1447 1885  
647       8055 7476 16169 -2562 1951  
648       8112 5471 15531 -2706 2008  
649       8155 2938 13583 -1897 2058  
650       8181 849  11093 -508  2100  
651       8190 3    9030  850   2135  
652       8184 723  8193  1589  2161  
653       8161 2734 8907  1364  2178  
654       8124 5267 10895 182   2187  
655       8069 7351 13391 -1558 2185  
656       7999 8190 15420 -3265 2174  
657       7913 7462 16189 -4337 2153  
658       7812 5447 15375 -4440 2124  
659       7696 2912 13259 -3570 2087  
660       7566 833  10608 -2130 2041  
661       7424 2    8399  -718  1989  
662       7267 738  7426  77    1929  
663       7098 2757 8005  -88   1860  
664       6917 5292 9855  -1200 1784  
665       6725 7366 12209 -2866 1700  
666       6522 8190 14091 -4478 1607  
667       6310 7447 14712 -5456 1508  
668       6089 5423 13757 -5447 1403  
669       5861 2888 11512 -4481 1292  
670       5625 819  8749  -2935 1176  
671       5384 1    6444  -1417 1057  
672       5136 752  5385  -518  933   
673       4886 2782 5888  -593  806   
674       4632 5317 7668  -1591 675   
675       4375 7381 9949  -3151 540   
676       4117 8191 11756 -4642 401   
677       3860 7432 12308 -5491 261   
678       3604 5398 11292 -5359 119   
679       3348 2863 9002  -4263 -23   
680       3097 803  6211  -2600 -164  
681       2849 2    3900  -973  -305  
682       2607 767  2851  23    -443  
683       2371 2807 3374  54    -581  
684       2140 5341 5178  -843  -717  
685       1919 7397 7481  -2293 -851  
686       1705 8191 9316  -3689 -983  
687       1500 7417 9896  -4431 -1111 
688       1306 5374 8917  -4196 -1235 
689       1123 2839 6680  -3007 -1355 
690       953  788  3962  -1257 -1468 
691       794  1    1741  439   -1575 
692       648  782  795   1511  -1675 
693       516  2831 1430  1602  -1770 
694       398  5365 3347  740   -1857 
695       295  7412 5763  -656  -1939 
696       207  8191 7707  -1991 -2014 
697       133  7402 8398  -2687 -2082 
698       77   5349 7535  -2411 -2142 
699       36   2814 5426  -1181 -2193 
700       10   772  2850  592   -2235 
701       1    1    782   2304  -2267 
702       9    797  2     3361  -2290 
703       32   2855 806   3440  -2305 
704       71   5390 2887  2567  -2311 
705       127  7427 5461  1151  -2309 
706       198  8191 7554  -206  -2299 
707       284  7387 8389  -924  -2281 
708       385  5324 7671  -669  -2253 
709       502  2790 5709  520   -2217 
710       632  757  3292  2238  -2171 
711       776  1    1389  3891  -2116 
712       934  813  777   4875  -2053 
713       1103 2880 1747  4875  -1981 
714       1284 5414 3983  3921  -1903 
715       1477 7442 6698  2425  -1818 
716       1680 8191 8919  978   -1727 
717       1893 7372 9871  175   -1630 
718       2115 5299 9265  347   -1527 
719       2343 2765 7414  1454  -1417 
720       2579 743  5108  3068  -1302 
721       2820 2    3322  4604  -1180 
722       3069 828  2822  5477  -1054 
723       3319 2904 3897  5359  -924  
724       3573 5439 6223  4282  -791  
725       3829 7457 9012  2667  -656  
726       4088 8190 11286 1112  -520  
727       4345 7356 12278 198   -382  
728       4601 5275 11701 268   -242  
729       4855 2742 9876  1260  -102  
730       5107 728  7597  2767  40    
731       5355 2    5835  4189  181   
732       5597 844  5357  4936  323   
733       5833 2930 6441  4696  463   
734       6063 5463 8763  3505  600   
735       6284 7472 11526 1777  733   
736       6498 8189 13756 133   863   
737       6702 7340 14687 -868  989   
738       6895 5250 14042 -888  1110  
739       7078 2717 12145 25    1228  
740       7248 713  9795  1451  1341  
741       7406 3    7961  2788  1449  
742       7551 860  7409  3458  1552  
743       7682 2954 8411  3136  1648  
744       7799 5487 10636 1877  1737  
745       7902 7486 13286 97    1818  
746       7989 8189 15388 -1596 1891  
747       8061 7324 16178 -2625 1955  
748       8117 5226 15385 -2671 2012  
749       8158 2693 13343 -1774 2061  
750       8183 698  10851 -368  2103  
751       8191 4    8881  960   2137  
752       8183 876  8195  1617  2162  
753       8158 2979 9059  1284  2179  
754       8118 5511 11137 29    2186  
755       8062 7500 13629 -1744 2184  
756       7991 8188 15562 -3410 2172  
757       7904 7308 16179 -4392 2151  
758       7801 5201 15212 -4386 2121  
759       7684 2669 13002 -3448 2083  
760       7554 684  10353 -1978 2037  
761       7409 5    8238  -607  1983  
762       7251 892  7414  103   1922  
763       7080 3004 8143  -165  1853  
764       6899 5535 10084 -1355 1776  
765       6705 7515 12434 -3039 1691  
766       6501 8186 14220 -4615 1598  
767       6288 7292 14687 -5500 1498  
768       6066 5176 13580 -5392 1392  
769       5837 2645 11242 -4342 1280  
770       5601 670  8482  -2771 1164  
771       5359 7    6271  -1294 1044  
772       5111 908  5366  -486  920   
773       4860 3029 6019  -654  792   
774       4606 5560 7889  -1737 660   
775       4350 7529 10166 -3304 525   
776       4092 8185 11879 -4758 386   
777       3834 7276 12277 -5525 245   
778       3578 5151 11110 -5288 104   
779       3324 2621 8729  -4113 -38   
780       3073 657  5945  -2424 -180  
781       2825 8    3730  -839  -320  
782       2583 924  2833  70    -458  
783       2347 3054 3507  2     -595  
784       2117 5583 5401  -979  -731  
785       1896 7543 7700  -2449 -865  
786       1684 8184 9439  -3802 -996  
787       1480 7259 9868  -4457 -1124 
788       1288 5126 8739  -4122 -1248 
789       1105 2597 6414  -2845 -1367 
790       936  642  3702  -1076 -1480 
791       779  9    1578  585   -1586 
792       634  941  788   1561  -1686 
793       503  3078 1575  1548  -1780 
794       387  5607 3581  622   -1867 
795       286  7557 5994  -802  -1948 
796       199  8181 7843  -2101 -2022 
797       127  7244 8380  -2708 -2089 
798       72   5101 7371  -2325 -2148 
799       32   2572 5173  -1015 -2198 
800       8    628  2604  774   -2239 
801       1    11   636   2444  -2271 
802       11   957  12    3417  -2293 
803       35   3104 968   3392  -2306 
804       76   5631 3139  2446  -2312 
805       133  7571 5707  1008  -2309 
806       205  8180 7704  -319  -2298 
807       293  7227 8385  -941  -2278 
808       396  5077 7520  -591  -2250 
809       514  2549 5473  677   -2213 
810       645  614  3063  2421  -2166 
811       791  13   1259  4028  -2111 
812       950  974  804   4925  -2046 
813       1121 3128 1924  4822  -1975 
814       1303 5655 4249  3787  -1896 
815       1497 7585 6958  2268  -1810 
816       1701 8178 9082  860   -1719 
817       1914 7210 9879  152   -1621 
818       2137 5051 9124  425   -1518 
819       2366 2525 7188  1603  -1407 
820       2603 602  4891  3237  -1291 
821       2845 15   3205  4736  -1169 
822       3093 990  2860  5515  -1043 
823       3344 3153 4083  5286  -912  
824       3599 5678 6497  4134  -779  
825       3855 7597 9277  2492  -643  
826       4113 8176 11452 983   -507  
827       4370 7194 12289 164   -368  
828       4626 5026 11564 325   -229  
829       4881 2502 9652  1394  -88   
830       5132 588  7383  2918  54    
831       5380 17   5720  4304  196   
832       5621 1006 5397  4957  337   
833       5857 3179 6627  4612  477   
834       6086 5702 9036  3346  614   
835       6307 7610 11788 1601  747   
836       6519 8174 13917 -7    877   
837       6722 7177 14693 -916  1002  
838       6914 5001 13899 -830  1123  
839       7096 2478 11915 154   1240  
840       7264 576  9574  1597  1353  
841       7421 19   7840  2895  1461  
842       7565 1023 7440  3474  1563  
843       7694 3204 8588  3051  1658  
844       7810 5726 10898 1718  1747  
845       7911 7623 13536 -78   1827  
846       7997 8172 15534 -1738 1899  
847       8068 7161 16169 -2669 1963  
848       8122 4976 15229 -2620 2019  
849       8161 2454 13098 -1650 2067  
850       8184 562  10615 -217  2108  
851       8191 22   8746  1064  2141  
852       8181 1040 8213  1627  2165  
853       8155 3229 9221  1192  2181  
854       8114 5750 11384 -137  2187  
855       8056 7636 13864 -1926 2183  
856       7982 8169 15692 -3541 2170  
857       7895 7143 16151 -4438 2148  
858       7790 4950 15038 -4332 2117  
859       7671 2431 12740 -3311 2078  
860       7540 550  10102 -1826 2031  
861       7393 25   8090  -497  1977  
862       7234 1057 7418  127   1915  
863       7063 3254 8291  -244  1845  
864       6880 5772 10317 -1508 1767  
865       6685 7649 12652 -3218 1681  
866       6480 8166 14334 -4745 1588  
867       6267 7125 14646 -5540 1487  
868       6044 4926 13392 -5327 1381  
869       5815 2408 10970 -4196 1269  
870       5577 536  8223  -2612 1153  
871       5335 27   6113  -1174 1033  
872       5086 1075 5362  -457  908   
873       4835 3279 6161  -724  780   
874       4581 5796 8114  -1878 648   
875       4324 7662 10377 -3473 512   
876       4066 8163 11986 -4881 374   
877       3809 7108 12229 -5550 233   
878       3553 4900 10917 -5207 91    
879       3298 2385 8453  -3954 -51   
880       3047 524  5683  -2251 -193  
881       2800 31   3571  -714  -333  
882       2559 1092 2831  115   -471  
883       2323 3304 3651  -56   -608  
884       2096 5819 5627  -1116 -744  
885       1875 7675 7915  -2605 -878  
886       1663 8160 9550  -3904 -1009 
887       1460 7091 9823  -4473 -1137 
888       1269 4876 8551  -4029 -1260 
889       1088 2361 6145  -2682 -1378 
890       920  511  3449  -892  -1490 
891       764  33   1431  720   -1596 
892       620  1111 797   1613  -1695 
893       492  3329 1731  1500  -1788 
894       376  5842 3821  489   -1875 
895       276  7687 6218  -949  -1956 
896       191  8157 7963  -2203 -2029 
897       122  7073 8348  -2717 -2096 
898       68   4850 7195  -2230 -2154 
899       30   2338 4918  -850  -2203 
900       8    499  2368  960   -2243 
901       1    37   507   2579  -2274 
902       12   1128 38    3466  -2295 
903       38   3355 1140  3334  -2308 
904       81   5866 3393  2315  -2312 
905       140  7699 5947  855   -2309 
906       214  8154 7839  -420  -2297 
907       303  7056 8368  -959  -2277 
908       407  4825 7359  -498  -2248 
909       527  2314 5232  840   -2209 
910       659  486  2841  2597  -2162 
911       806  40   1145  4154  -2105 
912       966  1145 846   4961  -2040 
913       1138 3380 2111  4749  -1967 
914       1322 5890 4518  3649  -1888 
915       1517 7711 7212  2113  -1802 
916       1722 8150 9228  752   -1709 
917       1936 7038 9872  132   -1611 
918       2159 4800 8974  511   -1507 
919       2389 2291 6959  1743  -1396 
920       2627 475  4680  3396  -1279 
921       2870 44   3102  4850  -1156 
922       3118 1163 2914  5539  -1029 
923       3369 3406 4281  5209  -898  
924       3624 5913 6775  3984  -765  
925       3881 7723 9537  2323  -629  
926       4139 8147 11604 862   -492  
927       4396 7020 12286 134   -354  
928       4652 4774 11416 401   -214  
929       4906 2268 9426  1537  -73   
930       5157 463  7174  3081  68    
931       5404 47   5620  4407  210   
932       5644 1181 5451  4969  351   
933       5881 3431 6825  4521  490   
934       6108 5936 9312  3188  627   
935       6328 7735 12044 1421  760   
936       6539 8143 14063 -143  889   
937       6742 7002 14682 -957  1014  
938       6933 4749 13744 -772  1134  
939       7112 2245 11682 281   1251  
940       7280 451  9357  1746  1363  
941       7436 51   7731  2993  1470  
942       7579 1199 7487  3483  1572  
943       7707 3456 8778  2951  1667  
944       7821 5958 11163 1547  1754  
945       7921 7747 13779 -269  1833  
946       8004 8139 15668 -1869 1905  
947       8073 6984 16143 -2719 1968  
948       8126 4723 15057 -2554 2023  
949       8164 2222 12849 -1522 2070  
950       8185 440  10386 -72   2110  
951       8191 55   8625  1154  2142  
952       8179 1217 8246  1624  2166  
953       8152 3482 9396  1095  2181  
954       8108 5981 11634 -304  2186  
955       8049 7759 14089 -2104 2182  
956       7974 8135 15808 -3668 2168  
957       7884 6966 16109 -4478 2145  
958       7779 4698 14850 -4266 2113  
959       7659 2200 12477 -3178 2073  
960       7526 427  9859  -1680 2026  
961       7378 59   7953  -393  1971  
962       7217 1236 7437  138   1908  
963       7045 3507 8453  -338  1838  
964       6860 6004 10552 -1669 1759  
965       6665 7771 12864 -3383 1672  
966       6460 8131 14436 -4864 1577  
967       6246 6947 14591 -5567 1476  
968       6022 4673 13193 -5244 1369  
969       5791 2177 10695 -4048 1257  
970       5553 416  7968  -2445 1140  
971       5310 64   5969  -1065 1019  
972       5061 1255 5374  -432  894   
973       4810 3532 6316  -802  766   
974       4555 6026 8342  -2026 633   
975       4298 7782 10581 -3628 497   
976       4040 8126 12080 -4982 358   
977       3783 6929 12166 -5556 217   
978       3527 4647 10712 -5120 75    
979       3273 2155 8174  -3798 -67   
980       3022 405  5428  -2084 -208  
981       2776 68   3427  -589  -348  
982       2535 1273 2844  139   -487  
983       2301 3558 3808  -133  -623  
984       2074 6049 5859  -1251 -759  
985       1853 7793 8123  -2751 -892  
986       1643 8122 9646  -4001 -1023 
987       1441 6910 9765  -4474 -1150 
988       1250 4621 8351  -3927 -1273 
989       1071 2132 5871  -2513 -1390 
990       904  394  3203  -711  -1501 
991       749  73   1298  853   -1606 
992       606  1292 822   1641  -1705 
993       480  3584 1898  1426  -1797 
994       366  6072 4064  358   -1883 
995       267  7804 6438  -1092 -1963 
996       184  8116 8071  -2292 -2036 
997       115  6891 8300  -2718 -2101 
998       63   4595 7006  -2124 -2158 
999       26   2109 4658  -686  -2206 
1000      6    383  2135  1137  -2245 
1001      1    78   389   2704  -2275 
1002      14   1310 79    3497  -2295 
1003      43   3610 1324  3267  -2307 
1004      87   6094 3653  2179  -2311 
1005      147  7815 6181  711   -2306 
1006      222  8111 7962  -517  -2294 
1007      312  6872 8333  -961  -2273 
1008      418  4571 7184  -395  -2243 
1009      539  2087 4989  1009  -2204 
1010      674  372  2626  2774  -2156 
1011      822  83   1046  4278  -2098 
1012      983  1329 905   4990  -2033 
1013      1156 3634 2312  4677  -1959 
1014      1340 6117 4790  3508  -1879 
1015      1536 7825 7457  1950  -1793 
1016      1742 8106 9361  655   -1700 
1017      1957 6853 9848  123   -1601 
1018      2182 4545 8810  598   -1496 
1019      2413 2064 6727  1909  -1384 
1020      2651 362  4477  3570  -1267 
1021      2894 88   3013  4958  -1144 
1022      3142 1348 2982  5551  -1016 
1023      3395 3660 4490  5118  -885  
1024      3650 6139 7055  3830  -752  
1025      3907 7836 9789  2163  -616  
1026      4165 8101 11743 749   -479  
1027      4422 6834 12266 108   -341  
1028      4678 4519 11256 480   -201  
1029      4932 2042 9197  1681  -60   
1030      5182 351  6974  3231  81    
1031      5429 95   5533  4505  223   
1032      5669 1368 5524  4970  364   
1033      5903 3686 7037  4426  503   
1034      6130 6161 9589  3015  640   
1035      6350 7846 12291 1246  772   
1036      6560 8095 14196 -258  901   
1037      6761 6815 14655 -984  1026  
1038      6952 4493 13576 -699  1146  
1039      7130 2020 11445 431   1262  
1040      7296 341  9150  1894  1374  
1041      7451 99   7637  3085  1481  
1042      7592 1387 7550  3475  1582  
1043      7718 3712 8979  2844  1676  
1044      7831 6183 11430 1374  1763  
1045      7930 7857 14014 -448  1842  
1046      8012 8090 15787 -1994 1912  
1047      8080 6795 16102 -2750 1975  
1048      8132 4468 14875 -2482 2029  
1049      8167 1998 12600 -1384 2076  
1050      8186 330  10165 72    2115  
1051      8190 104  8516  1247  2146  
1052      8177 1406 8294  1622  2169  
1053      8148 3737 9583  990   2183  
1054      8103 6205 11885 -474  2187  
1055      8042 7866 14308 -2280 2181  
1056      7966 8085 15908 -3796 2166  
1057      7874 6776 16051 -4504 2142  
1058      7767 4442 14650 -4189 2109  
1059      7646 1976 12209 -3037 2069  
1060      7511 321  9622  -1530 2021  
1061      7363 110  7832  -301  1965  
1062      7200 1425 7473  133   1902  
1063      7027 3763 8625  -438  1830  
1064      6841 6228 10790 -1829 1751  
1065      6646 7877 13069 -3554 1663  
1066      6439 8079 14523 -4976 1568  
1067      6223 6757 14518 -5585 1466  
1068      5999 4417 12980 -5163 1359  
1069      5767 1953 10416 -3895 1246  
1070      5529 311  7720  -2292 1129  
1071      5286 117  5840  -960  1008  
1072      5037 1445 5403  -426  883   
1073      4785 3788 6482  -894  754   
1074      4529 6250 8573  -2183 621   
1075      4272 7886 10779 -3786 485   
1076      4015 8073 12158 -5086 345   
1077      3758 6738 12088 -5565 204   
1078      3501 4390 10496 -5016 62    
1079      3248 1932 7891  -3638 -80   
1080      2998 301  5180  -1912 -221  
1081      2752 122  3299  -476  -361  
1082      2512 1464 2874  161   -499  
1083      2278 3815 3976  -204  -636  
1084      2051 6271 6093  -1394 -771  
1085      1831 7896 8322  -2902 -904  
1086      1622 8066 9727  -4093 -1035 
1087      1421 6717 9688  -4468 -1162 
1088      1232 4366 8138  -3821 -1284 
1089      1054 1910 5598  -2345 -1401 
1090      888  291  2964  -538  -1512 
1091      734  129  1179  970   -1617 
1092      593  1485 863   1669  -1715 
1093      467  3839 2078  1356  -1806 
1094      355  6293 4306  219   -1892 
1095      257  7905 6648  -1231 -1971 
1096      176  8060 8162  -2376 -2043 
1097      109  6698 8236  -2703 -2108 
1098      58   4340 6807  -2021 -2164 
1099      24   1888 4398  -506  -2212 
1100      5    283  1912  1318  -2250 
1101      2    136  288   2829  -2278 
1102      16   1504 138   3520  -2298 
1103      45   3865 1520  3190  -2309 
1104      92   6315 3910  2036  -2312 
1105      153  7914 6407  568   -2307 
1106      231  8053 8067  -593  -2293 
1107      323  6678 8284  -944  -2271 
1108      430  4314 7001  -292  -2240 
1109      552  1866 4744  1178  -2200 
1110      687  272  2418  2951  -2151 
1111      837  143  959   4390  -2093 
1112      999  1524 980   5005  -2026 
1113      1174 3891 2523  4595  -1952 
1114      1360 6337 5065  3358  -1871 
1115      1557 7924 7697  1802  -1784 
1116      1763 8046 9481  562   -1691 
1117      1980 6658 9809  124   -1591 
1118      2205 4288 8638  698   -1485 
1119      2437 1845 6493  2063  -1373 
1120      2675 263  4282  3732  -1255 
1121      2919 149  2938  5063  -1132 
1122      3168 1544 3068  5558  -1004 
1123      3420 3917 4712  5025  -872  
1124      3676 6358 7337  3672  -739  
1125      3932 7933 10034 1997  -603  
1126      4190 8040 11865 645   -465  
1127      4447 6638 12230 103   -327  
1128      4703 4263 11085 567   -187  
1129      4957 1823 8966  1832  -46   
1130      5207 254  6780  3381  96    
1131      5452 155  5461  4596  238   
1132      5692 1564 5607  4968  379   
1133      5926 3942 7256  4314  518   
1134      6152 6379 9868  2852  654   
1135      6371 7942 12531 1075  786   
1136      6581 8033 14313 -374  915   
1137      6781 6618 14614 -1003 1039  
1138      6969 4238 13399 -621  1159  
1139      7147 1802 11207 563   1275  
1140      7312 245  8949  2033  1386  
1141      7466 162  7557  3166  1492  
1142      7605 1586 7628  3455  1593  
1143      7730 3967 9191  2731  1686  
1144      7842 6401 11697 1199  1772  
1145      7939 7951 14243 -624  1850  
1146      8020 8026 15890 -2115 1919  
1147      8085 6596 16046 -2766 1981  
1148      8136 4212 14681 -2407 2035  
1149      8169 1780 12348 -1240 2081  
1150      8188 237  9949  211   2119  
1151      8190 170  8425  1323  2149  
1152      8175 1605 8360  1605  2171  
1153      8145 3993 9780  874   2184  
1154      8097 6422 12138 -649  2187  
1155      8036 7960 14519 -2455 2181  
1156      7957 8018 15996 -3909 2165  
1157      7864 6576 15975 -4517 2140  
1158      7756 4185 14440 -4107 2107  
1159      7634 1760 11941 -2887 2065  
1160      7497 228  9394  -1385 2016  
1161      7347 177  7725  -216  1960  
1162      7184 1626 7524  117   1896  
1163      7009 4020 8810  -550  1823  
1164      6822 6443 11029 -1997 1743  
1165      6625 7968 13265 -3719 1654  
1166      6418 8011 14593 -5075 1558  
1167      6201 6555 14429 -5583 1456  
1168      5976 4159 12756 -5071 1348  
1169      5743 1738 10135 -3740 1234  
1170      5505 220  7481  -2136 1117  
1171      5260 185  5725  -858  995   
1172      5011 1647 5445  -427  870   
1173      4759 4046 6658  -991  740   
1174      4503 6465 8805  -2335 607   
1175      4247 7976 10968 -3943 470   
1176      3989 8004 12223 -5183 331   
1177      3732 6535 11993 -5555 189   
1178      3476 4134 10267 -4915 47    
1179      3222 1718 7610  -3472 -95   
1180      2973 212  4940  -1748 -235  
1181      2728 192  3185  -366  -375  
1182      2488 1668 2920  169   -513  
1183      2255 4072 4156  -292  -650  
1184      2028 6485 6327  -1541 -785  
1185      1810 7984 8513  -3043 -918  
1186      1602 7996 9794  -4168 -1048 
1187      1401 6514 9598  -4451 -1174 
1188      1214 4107 7915  -3709 -1296 
1189      1037 1696 5321  -2165 -1413 
1190      872  204  2733  -358  -1523 
1191      719  200  1076  1085  -1627 
1192      581  1688 919   1682  -1724 
1193      456  4096 2269  1274  -1815 
1194      345  6506 4552  77    -1900 
1195      249  7992 6851  -1370 -1978 
1196      168  7988 8241  -2449 -2050 
1197      104  6494 8156  -2677 -2114 
1198      54   4082 6598  -1899 -2169 
1199      21   1676 4136  -329  -2215 
1200      4    196  1697  1496  -2252 
1201      3    209  200   2941  -2280 
1202      19   1709 212   3530  -2299 
1203      49   4123 1728  3103  -2309 
1204      97   6527 4172  1895  -2312 
1205      160  8000 6624  430   -2306 
1206      239  7979 8160  -677  -2291 
1207      333  6472 8218  -925  -2269 
1208      442  4056 6805  -176  -2237 
1209      564  1655 4498  1353  -2196 
1210      702  189  2219  3117  -2146 
1211      853  217  891   4495  -2087 
1212      1016 1730 1070  5011  -2019 
1213      1192 4149 2746  4503  -1944 
1214      1379 6547 5341  3209  -1863 
1215      1577 8007 7926  1656  -1775 
1216      1785 7971 9584  470   -1681 
1217      2002 6452 9756  136   -1580 
1218      2227 4031 8454  800   -1474 
1219      2461 1635 6258  2233  -1361 
1220      2699 181  4096  3892  -1242 
1221      2943 225  2880  5153  -1118 
1222      3193 1750 3168  5550  -990  
1223      3446 4174 4943  4912  -858  
1224      3702 6567 7620  3508  -724  
1225      3958 8015 10269 1840  -588  
1226      4216 7962 11973 547   -451  
1227      4473 6431 12178 107   -312  
1228      4729 4005 10904 669   -172  
1229      4982 1615 8734  1982  -31   
1230      5232 173  6597  3531  111   
1231      5477 234  5405  4675  252   
1232      5716 1772 5711  4947  393   
1233      5949 4200 7488  4200  532   
1234      6174 6587 10149 2678  667   
1235      6393 8023 12761 909   799   
1236      6600 7954 14416 -484  927   
1237      6800 6410 14554 -1003 1051  
1238      6988 3980 13210 -534  1170  
1239      7164 1594 10968 712   1286  
1240      7328 165  8758  2170  1396  
1241      7481 242  7493  3237  1502  
1242      7618 1793 7723  3429  1602  
1243      7742 4225 9411  2605  1695  
1244      7853 6608 11967 1019  1780  
1245      7948 8031 14461 -800  1857  
1246      8028 7946 15979 -2223 1926  
1247      8092 6388 15974 -2773 1986  
1248      8140 3954 14480 -2317 2039  
1249      8172 1574 12094 -1098 2084  
1250      8188 159  9746  347   2122  
1251      8189 251  8347  1398  2152  
1252      8172 1815 8440  1577  2173  
1253      8141 4251 9987  752   2184  
1254      8092 6628 12392 -830  2187  
1255      8029 8037 14720 -2624 2179  
1256      7949 7937 16066 -4015 2163  
1257      7854 6367 15886 -4522 2137  
1258      7745 3928 14221 -4014 2103  
1259      7620 1553 11673 -2749 2061  
1260      7483 151  9173  -1243 2011  
1261      7331 259  7634  -143  1954  
1262      7167 1836 7590  100   1889  
1263      6991 4276 9003  -666  1816  
1264      6804 6649 11267 -2170 1735  
1265      6605 8044 13453 -3881 1646  
1266      6396 7928 14649 -5171 1549  
1267      6179 6345 14324 -5580 1446  
1268      5953 3903 12524 -4959 1337  
1269      5720 1533 9856  -3588 1223  
1270      5481 145  7253  -1983 1105  
1271      5236 269  5626  -776  983   
1272      4986 1858 5505  -440  857   
1273      4733 4303 6844  -1095 727   
1274      4478 6669 9036  -2498 594   
1275      4222 8051 11147 -4092 457   
1276      3964 7919 12273 -5255 317   
1277      3706 6324 11883 -5533 175   
1278      3450 3876 10030 -4799 33    
1279      3198 1513 7326  -3300 -108  
1280      2949 138  4711  -1583 -249  
1281      2704 278  3087  -270  -389  
1282      2465 1879 2982  165   -527  
1283      2232 4328 4344  -394  -663  
1284      2007 6689 6560  -1692 -798  
1285      1789 8058 8696  -3179 -931  
1286      1581 7910 9847  -4246 -1061 
1287      1383 6302 9491  -4418 -1187 
1288      1195 3851 7685  -3574 -1309 
1289      1020 1493 5046  -1987 -1424 
1290      856  132  2513  -190  -1534 
1291      705  287  988   1187  -1637 
1292      567  1901 992   1686  -1734 
1293      444  4354 2468  1180  -1825 
1294      334  6709 4798  -67   -1909 
1295      240  8063 7043  -1507 -1986 
1296      161  7900 8303  -2516 -2057 
1297      97   6281 8061  -2643 -2120 
1298      51   3825 6378  -1769 -2174 
1299      19   1473 3876  -146  -2220 
1300      3    125  1492  1664  -2256 
1301      3    296  128   3045  -2283 
1302      20   1922 299   3531  -2301 
1303      53   4380 1942  3014  -2310 
1304      102  6729 4433  1747  -2311 
1305      167  8069 6831  291   -2304 
1306      247  7890 8236  -744  -2289 
1307      344  6259 8137  -896  -2266 
1308      453  3799 6603  -52   -2233 
1309      578  1453 4252  1525  -2191 
1310      716  119  2031  3277  -2140 
1311      869  307  835   4590  -2080 
1312      1033 1944 1176  5006  -2012 
1313      1210 4405 2977  4404  -1936 
1314      1399 6748 5615  3053  -1854 
1315      1598 8076 8147  1512  -1765 
1316      1806 7881 9674  398   -1671 
1317      2024 6237 9687  157   -1570 
1318      2250 3774 8261  915   -1463 
1319      2484 1434 6024  2399  -1350 
1320      2722 113  3918  4045  -1230 
1321      2968 317  2835  5239  -1106 
1322      3218 1966 3285  5534  -977  
1323      3472 4431 5184  4805  -845  
1324      3727 6768 7903  3345  -711  
1325      3983 8082 10495 1683  -575  
1326      4241 7870 12065 459   -437  
1327      4498 6215 12111 118   -299  
1328      4755 3748 10713 769   -158  
1329      5007 1414 8503  2134  -17   
1330      5255 108  6421  3666  124   
1331      5501 327  5363  4743  266   
1332      5739 1988 5828  4918  407   
1333      5972 4457 7727  4073  545   
1334      6196 6788 10429 2504  680   
1335      6413 8087 12984 741   811   
1336      6620 7860 14500 -582  939   
1337      6819 6192 14480 -1000 1062  
1338      7006 3722 13011 -433  1181  
1339      7181 1395 10728 856   1296  
1340      7344 102  8576  2308  1407  
1341      7494 336  7446  3299  1512  
1342      7631 2010 7830  3395  1611  
1343      7754 4483 9641  2473  1703  
1344      7863 6807 12237 839   1788  
1345      7956 8094 14670 -973  1864  
1346      8034 7850 16050 -2319 1932  
1347      8097 6171 15884 -2773 1992  
1348      8144 3697 14268 -2227 2044  
1349      8174 1375 11841 -956  2089  
1350      8189 95   9549  480   2126  
1351      8188 347  8284  1460  2154  
1352      8170 2032 8535  1537  2175  
1353      8136 4508 10202 621   2186  
1354      8087 6825 12644 -1012 2187  
1355      8021 8099 14912 -2801 2178  
1356      7940 7840 16120 -4111 2160  
1357      7843 6149 15780 -4515 2134  
1358      7733 3671 13992 -3914 2099  
1359      7607 1357 11404 -2589 2056  
1360      7468 90   8964  -1103 2005  
1361      7315 357  7558  -76   1947  
1362      7150 2055 7672  68    1881  
1363      6973 4534 9205  -789  1807  
1364      6784 6845 11507 -2346 1725  
1365      6584 8105 13629 -4037 1635  
1366      6375 7830 14689 -5258 1538  
1367      6156 6126 14205 -5558 1435  
1368      5930 3646 12282 -4854 1325  
1369      5696 1337 9576  -3425 1211  
1370      5457 85   7033  -1832 1093  
1371      5211 367  5542  -700  971   
1372      4961 2077 5578  -463  844   
1373      4707 4559 7038  -1211 714   
1374      4452 6864 9266  -2655 580   
1375      4194 8110 11316 -4236 443   
1376      3938 7819 12304 -5331 303   
1377      3681 6104 11757 -5505 161   
1378      3425 3620 9785  -4673 19    
1379      3172 1319 7045  -3128 -123  
1380      2924 80   4491  -1429 -264  
1381      2679 378  3004  -186  -403  
1382      2441 2100 3057  159   -541  
1383      2209 4585 4541  -496  -677  
1384      1984 6883 6794  -1843 -812  
1385      1768 8114 8867  -3319 -945  
1386      1561 7808 9882  -4306 -1074 
1387      1364 6081 9369  -4376 -1200 
1388      1177 3595 7445  -3449 -1321 
1389      1003 1300 4772  -1803 -1436 
1390      840  75   2303  -30   -1545 
1391      690  389  915   1283  -1647 
1392      555  2122 1079  1677  -1743 
1393      432  4610 2677  1082  -1833 
1394      325  6901 5042  -211  -1916 
1395      231  8119 7226  -1636 -1993 
1396      154  7797 8350  -2577 -2063 
1397      92   6058 7951  -2603 -2125 
1398      46   3569 6150  -1630 -2179 
1399      16   1281 3615  39    -2224 
1400      2    71   1297  1831  -2259 
1401      5    400  73    3136  -2285 
1402      23   2145 405   3528  -2302 
1403      58   4636 2168  2909  -2310 
1404      108  6921 4694  1600  -2311 
1405      174  8123 7029  158   -2303 
1406      256  7786 8297  -803  -2287 
1407      353  6036 8042  -854  -2263 
1408      464  3543 6389  83    -2229 
1409      592  1262 4007  1704  -2186 
1410      732  66   1854  3437  -2134 
1411      885  411  798   4678  -2073 
1412      1050 2168 1296  4987  -2005 
1413      1228 4661 3218  4290  -1928 
1414      1418 6939 5889  2894  -1846 
1415      1618 8128 8357  1370  -1757 
1416      1828 7775 9746  324   -1661 
1417      2047 6013 9603  193   -1560 
1418      2274 3518 8060  1045  -1452 
1419      2508 1243 5792  2569  -1338 
1420      2747 61   3751  4194  -1219 
1421      2993 423  2808  5318  -1094 
1422      3244 2190 3416  5500  -965  
1423      3497 4687 5434  4690  -832  
1424      3752 6958 8184  3170  -698  
1425      4011 8133 10710 1532  -562  
1426      4267 7763 12144 379   -424  
1427      4524 5991 12030 138   -285  
1428      4780 3492 10515 881   -145  
1429      5032 1225 8272  2294  -3    
1430      5280 57   6257  3802  138   
1431      5525 434  5337  4806  280   
1432      5762 2213 5959  4872  420   
1433      5995 4712 7975  3942  559   
1434      6219 6976 10707 2321  693   
1435      6434 8138 13195 580   824   
1436      6641 7752 14572 -665  951   
1437      6838 5967 14393 -992  1074  
1438      7024 3467 12805 -328  1193  
1439      7198 1207 10491 1005  1307  
1440      7359 52   8405  2433  1417  
1441      7509 446  7411  3357  1522  
1442      7643 2236 7955  3339  1620  
1443      7766 4738 9879  2340  1712  
1444      7873 6995 12504 652   1795  
1445      7965 8141 14868 -1131 1871  
1446      8041 7741 16106 -2411 1938  
1447      8103 5944 15782 -2758 1997  
1448      8148 3441 14047 -2122 2049  
1449      8176 1189 11589 -803  2093  
1450      8190 49   9365  608   2129  
1451      8187 457  8239  1513  2157  
1452      8167 2259 8644  1490  2176  
1453      8132 4763 10426 489   2186  
1454      8081 7012 12895 -1192 2186  
1455      8014 8145 15093 -2952 2177  
1456      7932 7729 16159 -4198 2158  
1457      7834 5922 15661 -4493 2130  
1458      7721 3416 13756 -3804 2094  
1459      7594 1171 11137 -2443 2050  
1460      7453 45   8765  -970  1999  
1461      7299 470  7498  -9    1940  
1462      7133 2282 7769  24    1874  
1463      6955 4789 9415  -916  1799  
1464      6765 7031 11744 -2516 1716  
1465      6563 8149 13796 -4193 1625  
1466      6353 7717 14712 -5332 1527  
1467      6134 5899 14070 -5538 1423  
1468      5908 3391 12033 -4736 1314  
1469      5672 1153 9299  -3262 1199  
1470      5433 41   6825  -1695 1081  
1471      5186 481  5474  -632  958   
1472      4937 2304 5667  -493  831   
1473      4683 4814 7241  -1332 701   
1474      4427 7048 9497  -2824 567   
1475      4169 8153 11475 -4380 429   
1476      3912 7704 12322 -5397 289   
1477      3655 5876 11616 -5471 148   
1478      3400 3365 9531  -4545 6     
1479      3148 1134 6765  -2954 -136  
1480      2899 37   4282  -1271 -276  
1481      2655 494  2936  -102  -415  
1482      2418 2328 3149  130   -553  
1483      2186 4840 4746  -606  -689  
1484      1962 7066 7026  -1995 -823  
1485      1747 8156 9028  -3449 -956  
1486      1541 7692 9903  -4358 -1085 
1487      1345 5853 9233  -4328 -1210 
1488      1158 3340 7198  -3310 -1331 
1489      985  1117 4498  -1625 -1445 
1490      825  34   2102  135   -1554 
1491      676  506  859   1366  -1656 
1492      542  2351 1182  1660  -1751 
1493      420  4864 2893  979   -1840 
1494      314  7084 5284  -358  -1924 
1495      223  8159 7398  -1763 -2000 
1496      147  7680 8382  -2626 -2070 
1497      87   5830 7827  -2545 -2131 
1498      42   3315 5917  -1487 -2184 
1499      15   1099 3357  221   -2228 
1500      2    32   1114  1994  -2262 
1501      6    519  34    3217  -2288 
1502      26   2374 525   3507  -2304 
1503      62   4890 2400  2806  -2312 
1504      113  7101 4952  1452  -2312 
1505      182  8162 7214  27    -2303 
1506      265  7667 8344  -853  -2287 
1507      363  5806 7932  -808  -2261 
1508      477  3290 6169  218   -2227 
1509      605  1083 3767  1884  -2183 
1510      746  28   1688  3597  -2130 
1511      901  531  774   4756  -2068 
1512      1068 2397 1432  4960  -1998 
1513      1247 4915 3465  4171  -1921 
1514      1437 7118 6162  2742  -1838 
1515      1639 8165 8555  1233  -1748 
1516      1849 7655 9804  268   -1652 
1517      2069 5782 9504  235   -1550 
1518      2296 3264 7851  1169  -1442 
1519      2531 1065 5560  2731  -1327 
1520      2771 25   3596  4333  -1207 
1521      3018 544  2796  5382  -1081 
1522      3268 2421 3562  5461  -952  
1523      3521 4940 5689  4560  -819  
1524      3778 7135 8461  3006  -684  
1525      4036 8167 10913 1385  -548  
1526      4293 7642 12203 310   -410  
1527      4550 5759 11935 175   -271  
1528      4805 3239 10309 1002  -131  
1529      5056 1048 8044  2453  11    
1530      5305 23   6104  3939  152   
1531      5549 557  5328  4861  294   
1532      5786 2445 6106  4826  434   
1533      6017 4966 8231  3803  572   
1534      6240 7153 10983 2139  706   
1535      6456 8170 13393 424   837   
1536      6661 7630 14626 -739  963   
1537      6857 5735 14291 -961  1086  
1538      7041 3214 12592 -218  1204  
1539      7214 1031 10255 1151  1318  
1540      7375 21   8245  2562  1427  
1541      7523 570  7396  3397  1532  
1542      7657 2469 8093  3284  1629  
1543      7777 4990 10126 2194  1720  
1544      7882 7170 12767 473   1803  
1545      7973 8173 15052 -1288 1877  
1546      8048 7616 16146 -2484 1944  
1547      8108 5711 15664 -2740 2002  
1548      8151 3189 13819 -2013 2053  
1549      8178 1014 11340 -663  2096  
1550      8191 18   9192  736   2131  
1551      8185 583  8209  1552  2158  
1552      8165 2492 8768  1431  2177  
1553      8128 5016 10657 333   2186  
1554      8075 7187 13144 -1374 2185  
1555      8006 8175 15262 -3109 2175  
1556      7922 7603 16181 -4276 2156  
1557      7823 5688 15525 -4471 2127  
1558      7709 3164 13511 -3698 2091  
1559      7580 997  10873 -2288 2046  
1560      7439 16   8577  -839  1995  
1561      7282 596  7455  36    1935  
1562      7115 2516 7878  -25   1868  
1563      6936 5040 9631  -1055 1792  
1564      6745 7204 11976 -2693 1709  
1565      6543 8177 13949 -4335 1617  
1566      6332 7589 14720 -5402 1519  
1567      6111 5664 13921 -5496 1414  
1568      5884 3139 11775 -4613 1303  
1569      5649 980  9023  -3100 1189  
1570      5408 14   6629  -1555 1070  
1571      5161 610  5422  -568  947   
1572      4911 2539 5771  -538  820   
1573      4658 5065 7450  -1455 689   
1574      4401 7221 9723  -2984 554   
1575      4144 8179 11622 -4514 416   
1576      3886 7576 12323 -5448 276   
1577      3629 5641 11462 -5420 134   
1578      3374 3114 9270  -4414 -8    
1579      3123 963  6488  -2777 -150  
1580      2874 12   4086  -1121 -290  
1581      2631 624  2886  -34   -430  
1582      2394 2563 3255  104   -567  
1583      2163 5091 4957  -720  -703  
1584      1940 7237 7254  -2143 -838  
1585      1726 8181 9177  -3567 -970  
1586      1521 7562 9907  -4399 -1099 
1587      1325 5617 9083  -4265 -1224 
1588      1142 3089 6942  -3160 -1344 
1589      969  947  4231  -1443 -1458 
1590      809  10   1916  288   -1565 
1591      662  636  819   1445  -1666 
1592      529  2587 1298  1630  -1761 
1593      410  5116 3116  866   -1850 
1594      305  7253 5526  -512  -1932 
1595      215  8183 7558  -1880 -2008 
1596      140  7549 8398  -2664 -2076 
1597      82   5593 7689  -2488 -2137 
1598      39   3064 5675  -1338 -2189 
1599      12   931  3103  406   -2231 
1600      1    8    943   2150  -2265 
1601      7    650  9     3297  -2289 
1602      30   2611 657   3477  -2304 
1603      66   5141 2641  2698  -2311 
1604      120  7269 5207  1303  -2310 
1605      189  8184 7389  -85   -2301 
1606      274  7535 8373  -892  -2283 
1607      374  5569 7809  -743  -2257 
1608      490  3039 5943  368   -2221 
1609      619  915  3529  2061  -2177 
1610      761  7    1534  3746  -2122 
1611      917  664  768   4823  -2060 
1612      1086 2635 1581  4926  -1989 
1613      1265 5166 3721  4054  -1911 
1614      1457 7285 6431  2581  -1827 
1615      1660 8186 8742  1101  -1737 
1616      1871 7521 9846  214   -1640 
1617      2092 5545 9392  289   -1538 
1618      2320 3014 7637  1311  -1429 
1619      2555 898  5334  2908  -1314 
1620      2796 6    3453  4481  -1193 
1621      3043 678  2802  5441  -1068 
1622      3294 2659 3721  5417  -938  
1623      3547 5190 5953  4420  -806  
1624      3804 7301 8737  2830  -671  
1625      4062 8187 11105 1248  -534  
1626      4319 7507 12249 252   -397  
1627      4576 5522 11826 220   -257  
1628      4831 2989 10098 1121  -117  
1629      5082 883  7820  2606  25    
1630      5330 5    5965  4068  167   
1631      5573 692  5335  4905  308   
1632      5810 2683 6265  4766  449   
1633      6040 5214 8493  3659  586   
1634      6262 7317 11254 1960  721   
1635      6477 8188 13579 272   851   
1636      6681 7492 14665 -810  977   
1637      6876 5497 14173 -933  1099  
1638      7060 2965 12373 -100  1217  
1639      7231 866  10025 1305  1331  
1640      7390 4    8097  2673  1440  
1641      7536 707  7394  3433  1543  
1642      7669 2707 8243  3224  1640  
1643      7788 5239 10376 2038  1730  
1644      7892 7334 13027 283   1812  
1645      7981 8188 15226 -1450 1885  
1646      8055 7478 16169 -2565 1951  
1647      8112 5473 15533 -2708 2009  
1648      8155 2940 13585 -1904 2059  
1649      8181 850  11095 -514  2101  
1650      8190 3    9031  845   2136  
1651      8184 721  8193  1590  2162  
1652      8161 2731 8905  1360  2179  
1653      8124 5264 10892 182   2188  
1654      8069 7349 13388 -1553 2186  
1655      7999 8190 15418 -3255 2175  
1656      7913 7463 16189 -4336 2154  
1657      7812 5449 15376 -4435 2125  
1658      7696 2915 13261 -3576 2087  
1659      7566 835  10611 -2132 2042  
1660      7424 2    8401  -718  1989  
1661      7267 736  7426  77    1929  
1662      7098 2755 8003  -88   1860  
1663      6918 5289 9853  -1200 1784  
1664      6725 7364 12207 -2866 1699  
1665      6522 8190 14089 -4480 1607  
1666      6311 7449 14712 -5458 1508  
1667      6090 5424 13760 -5449 1402  
1668      5861 2891 11514 -4478 1292  
1669      5625 820  8752  -2935 1176  
1670      5385 1    6445  -1420 1057  
1671      5137 751  5386  -521  933   
1672      4886 2780 5888  -592  805   
1673      4632 5314 7666  -1592 674   
1674      4375 7380 9946  -3148 539   
1675      4117 8191 11755 -4641 400   
1676      3860 7433 12308 -5491 260   
1677      3604 5401 11293 -5353 118   
1678      3348 2866 9005  -4267 -24   
1679      3097 804  6214  -2603 -166  
1680      2849 2    3901  -977  -306  
1681      2607 766  2851  23    -445  
1682      2371 2804 3373  61    -582  
1683      2140 5339 5175  -848  -717  
1684      1919 7395 7479  -2302 -851  
1685      1705 8190 9314  -3688 -983  
1686      1500 7419 9895  -4438 -1111 
1687      1306 5376 8919  -4198 -1235 
1688      1123 2841 6682  -3009 -1355 
1689      953  789  3964  -1256 -1468 
1690      794  1    1742  438   -1575 
1691      648  781  795   1507  -1675 
1692      516  2828 1429  1596  -1769 
1693      398  5362 3344  745   -1857 
1694      295  7411 5760  -654  -1939 
1695      207  8191 7706  -1995 -2014 
1696      133  7403 8398  -2687 -2082 
1697      77   5352 7536  -2407 -2142 
1698      36   2817 5429  -1180 -2193 
1699      10   773  2853  594   -2235 
1700      1    1    783   2303  -2267 
1701      9    796  2     3364  -2291 
1702      32   2853 805   3441  -2305 
1703      71   5388 2885  2575  -2311 
1704      127  7425 5459  1160  -2309 
1705      198  8191 7552  -206  -2299 
1706      283  7388 8389  -924  -2281 
1707      385  5327 7671  -668  -2254 
1708      502  2792 5712  519   -2217 
1709      632  759  3294  2241  -2172 
1710      776  1    1391  3892  -2117 
1711      934  811  777   4880  -2053 
1712      1103 2878 1745  4878  -1982 
1713      1284 5412 3981  3923  -1904 
1714      1477 7440 6696  2427  -1819 
1715      1680 8191 8917  987   -1729 
1716      1892 7373 9871  180   -1632 
1717      2114 5302 9265  352   -1528 
1718      2343 2768 7416  1455  -1419 
1719      2579 744  5111  3069  -1303 
1720      2820 2    3323  4612  -1182 
1721      3068 827  2822  5476  -1055 
1722      3318 2902 3895  5354  -925  
1723      3573 5436 6220  4284  -792  
1724      3829 7455 9009  2662  -657  
1725      4087 8190 11284 1108  -520  
1726      4345 7357 12277 204   -382  
1727      4601 5278 11702 263   -242  
1728      4855 2744 9879  1257  -101  
1729      5107 729  7599  2769  40    
1730      5355 2    5836  4185  182   
1731      5597 842  5357  4936  324   
1732      5832 2927 6439  4694  464   
1733      6062 5461 8759  3509  601   
1734      6284 7470 11523 1780  735   
1735      6498 8189 13754 130   865   
1736      6702 7342 14687 -865  991   
1737      6894 5253 14044 -887  1112  
1738      7077 2719 12147 24    1230  
1739      7248 714  9796  1447  1343  
1740      7406 3    7962  2791  1451  
1741      7550 858  7409  3462  1554  
1742      7682 2952 8408  3138  1650  
1743      7799 5485 10634 1881  1739  
1744      7902 7484 13284 102   1820  
1745      7989 8189 15386 -1592 1893  
1746      8061 7326 16178 -2622 1958  
1747      8117 5228 15387 -2669 2014  
1748      8158 2695 13345 -1779 2063  
1749      8183 700  10853 -364  2105  
1750      8191 4    8883  960   2138  
1751      8183 874  8195  1610  2164  
1752      8158 2976 9057  1286  2180  
1753      8118 5509 11134 28    2187  
1754      8062 7499 13627 -1741 2184  
1755      7991 8188 15561 -3408 2172  
1756      7904 7310 16179 -4395 2151  
1757      7801 5204 15214 -4385 2120  
1758      7684 2671 13005 -3447 2082  
1759      7554 686  10355 -1979 2036  
1760      7409 5    8240  -604  1983  
1761      7251 890  7414  107   1922  
1762      7080 3001 8141  -163  1853  
1763      6899 5533 10081 -1351 1776  
1764      6705 7513 12432 -3040 1691  
1765      6501 8186 14218 -4610 1598  
1766      6289 7294 14687 -5503 1498  
1767      6067 5178 13583 -5388 1392  
1768      5838 2647 11245 -4343 1281  
1769      5601 671  8485  -2767 1165  
1770      5359 6    6272  -1295 1045  
1771      5112 906  5365  -482  921   
1772      4861 3027 6018  -652  793   
1773      4606 5557 7888  -1731 661   
1774      4350 7528 10163 -3310 526   
1775      4092 8185 11878 -4764 387   
1776      3835 7277 12277 -5524 247   
1777      3579 5154 11112 -5290 105   
1778      3324 2623 8733  -4115 -37   
1779      3073 657  5947  -2426 -179  
1780      2825 8    3730  -839  -319  
1781      2583 923  2833  74    -458  
1782      2348 3051 3506  1     -595  
1783      2118 5580 5399  -979  -730  
1784      1897 7541 7698  -2447 -864  
1785      1684 8184 9438  -3801 -996  
1786      1480 7261 9868  -4460 -1124 
1787      1288 5128 8741  -4119 -1248 
1788      1106 2599 6416  -2846 -1366 
1789      936  644  3705  -1076 -1479 
1790      779  9    1580  588   -1585 
1791      634  939  788   1566  -1685 
