Signal Legend:

Key        Signal Name

0        = sine_1:inst35|probe
1        = sine_10:inst36|probe
2        = p_sine:inst37|probe
3        = a2d_data:inst38|probe
4        = fir_out

Data Table:

Signals-> 0    1    2     3     4     

sample

-256      3987 6967 11866 205   -577  
-255      4245 4700 10954 519   -440  
-254      4502 2201 8945  1686  -300  
-253      4759 429  6703  3253  -158  
-252      5011 59   5188  4578  -16   
-251      5260 1234 5070  5137  127   
-250      5505 3505 6494  4671  268   
-249      5743 6002 9010  3332  408   
-248      5975 7769 11745 1579  545   
-247      6201 8131 13744 50    679   
-246      6417 6949 14332 -730  810   
-245      6624 4675 13366 -505  937   
-244      6822 2179 11299 586   1061  
-243      7009 417  9001  2055  1181  
-242      7183 63   7426  3290  1297  
-241      7346 1253 7246  3754  1408  
-240      7496 3530 8599  3214  1513  
-239      7633 6025 11026 1787  1611  
-238      7756 7781 13658 -23   1702  
-237      7865 8127 15537 -1606 1785  
-236      7958 6930 15992 -2427 1860  
-235      8035 4649 14888 -2234 1928  
-234      8098 2156 12684 -1179 1988  
-233      8144 406  10254 264   2042  
-232      8175 68   8550  1477  2088  
-231      8189 1271 8243  1916  2125  
-230      8188 3555 9460  1352  2154  
-229      8169 6047 11743 -72   2173  
-228      8136 7792 14216 -1882 2183  
-227      8086 8122 15928 -3441 2183  
-226      8020 6912 16208 -4234 2174  
-225      7939 4624 14932 -4008 2156  
-224      7842 2133 12563 -2912 2130  
-223      7732 394  9975  -1423 2096  
-222      7605 72   8126  -170  2055  
-221      7466 1290 7677  320   2005  
-220      7313 3581 8756  -193  1947  
-219      7147 6069 10894 -1556 1880  
-218      6970 7803 13216 -3291 1804  
-217      6781 8117 14773 -4771 1721  
-216      6581 6893 14898 -5463 1630  
-215      6372 4598 13474 -5137 1533  
-214      6153 2111 10970 -3942 1430  
-213      5926 384  8264  -2353 1322  
-212      5693 78   6310  -1002 1209  
-211      5454 1308 5771  -418  1091  
-210      5207 3608 6762  -838  969   
-209      4957 6092 8815  -2094 841   
-208      4705 7814 11049 -3719 710   
-207      4449 8112 12519 -5074 574   
-206      4191 6874 12561 -5644 436   
-205      3934 4573 11065 -5193 296   
-204      3677 2089 8507  -3876 155   
-203      3421 373  5766  -2171 15    
-202      3168 83   3794  -712  -126  
-201      2920 1328 3251  -24   -266  
-200      2675 3632 4248  -332  -405  
-199      2437 6114 6307  -1488 -544  
-198      2205 7825 8551  -3006 -681  
-197      1981 8106 10030 -4252 -817  
-196      1765 6855 10087 -4710 -950  
-195      1558 4547 8620  -4146 -1080 
-194      1360 2067 6105  -2733 -1205 
-193      1174 363  3427  -942  -1324 
-192      1001 88   1537  604   -1438 
-191      838  1347 1089  1360  -1546 
-190      689  3658 2185  1118  -1649 
-189      552  6137 4347  20    -1745 
-188      430  7835 6689  -1430 -1836 
-187      323  8102 8265  -2616 -1921 
-186      230  6835 8425  -3021 -1998 
-185      153  4521 7065  -2405 -2068 
-184      91   2044 4674  -943  -2129 
-183      45   352  2135  885   -2182 
-182      16   94   397   2440  -2225 
-181      2    1366 110   3206  -2259 
-180      5    3684 1368  2954  -2285 
-179      24   6159 3689  1855  -2303 
-178      58   7845 6183  400   -2312 
-177      109  8096 7903  -809  -2314 
-176      175  6816 8205  -1219 -2307 
-175      257  4495 6991  -616  -2291 
-174      355  2022 4752  816   -2265 
-173      466  341  2377  2603  -2230 
-172      594  99   807   4103  -2186 
-171      734  1385 693   4794  -2133 
-170      887  3710 2119  4473  -2072 
-169      1053 6181 4597  3305  -2004 
-168      1231 7856 7234  1771  -1929 
-167      1421 8091 9087  500   -1847 
-166      1621 6797 9512  14    -1759 
-165      1831 4471 8418  531   -1664 
-164      2051 1999 6302  1879  -1562 
-163      2277 331  4050  3562  -1453 
-162      2511 104  2608  4950  -1337 
-161      2751 1405 2615  5539  -1217 
-160      2997 3734 4156  5094  -1092 
-159      3247 6204 6731  3810  -964  
-158      3501 7865 9451  2161  -833  
-157      3756 8085 11366 782   -700  
-156      4014 6778 11841 190   -564  
-155      4271 4445 10792 602   -427  
-154      4528 1977 8716  1836  -287  
-153      4784 321  6505  3402  -145  
-152      5036 109  5105  4676  -3    
-151      5284 1424 5145  5138  139   
-150      5529 3760 6708  4578  281   
-149      5766 6226 9289  3165  420   
-148      5998 7876 11992 1416  557   
-147      6222 8080 13874 -68   691   
-146      6438 6759 14302 -749  821   
-145      6644 4419 13197 -437  948   
-144      6841 1955 11063 718   1071  
-143      7027 312  8796  2191  1191  
-142      7201 116  7339  3384  1307  
-141      7362 1443 7317  3753  1417  
-140      7511 3786 8805  3106  1522  
-139      7645 6247 11297 1619  1620  
-138      7768 7885 13892 -198  1710  
-137      7874 8073 15653 -1728 1792  
-136      7966 6739 15947 -2455 1867  
-135      8043 4393 14705 -2163 1934  
-134      8104 1934 12436 -1039 1994  
-133      8148 302  10038 408   2047  
-132      8176 122  8450  1562  2092  
-131      8190 1463 8298  1907  2129  
-130      8187 3812 9653  1250  2157  
-129      8167 6269 11999 -243  2175  
-128      8132 7895 14436 -2059 2184  
-127      8081 8066 16027 -3568 2183  
-126      8013 6719 16147 -4260 2173  
-125      7931 4368 14732 -3927 2154  
-124      7832 1912 12299 -2765 2127  
-123      7719 292  9744  -1278 2093  
-122      7592 129  8011  -78   2050  
-121      7451 1482 7721  312   2000  
-120      7297 3837 8933  -294  1941  
-119      7130 6291 11134 -1720 1873  
-118      6951 7904 13421 -3455 1797  
-117      6761 8060 14855 -4877 1713  
-116      6560 6700 14821 -5480 1621  
-115      6350 4342 13260 -5051 1523  
-114      6130 1890 10692 -3787 1420  
-113      5903 283  8020  -2198 1311  
-112      5669 135  6186  -903  1198  
-111      5429 1503 5804  -416  1080  
-110      5182 3863 6932  -930  957   
-109      4932 6313 9045  -2253 829   
-108      4679 7914 11245 -3874 697   
-107      4423 8054 12593 -5177 562   
-106      4165 6679 12477 -5648 423   
-105      3908 4316 10844 -5093 283   
-104      3651 1868 8224  -3713 142   
-103      3396 273  5519  -2009 2     
-102      3143 142  3669  -599  -139  
-101      2894 1522 3285  -7    -279  
-100      2651 3888 4416  -415  -418  
-99       2414 6335 6539  -1636 -556  
-98       2182 7923 8749  -3148 -694  
-97       1958 8047 10105 -4341 -829  
-96       1743 6660 10005 -4703 -962  
-95       1538 4290 8403  -4041 -1091 
-94       1342 1847 5828  -2559 -1216 
-93       1156 264  3189  -763  -1335 
-92       983  149  1420  721   -1448 
-91       823  1542 1132  1381  -1555 
-90       674  3915 2365  1036  -1657 
-89       540  6356 4589  -119  -1754 
-88       419  7933 6896  -1572 -1844 
-87       313  8041 8352  -2704 -1928 
-86       221  6639 8354  -3006 -2005 
-85       146  4264 6860  -2291 -2074 
-84       86   1825 4410  -761  -2134 
-83       42   255  1911  1060  -2186 
-82       14   155  297   2563  -2228 
-81       2    1563 169   3229  -2262 
-80       6    3940 1565  2874  -2287 
-79       26   6378 3946  1718  -2304 
-78       63   7941 6404  256   -2313 
-77       114  8034 8004  -888  -2314 
-76       183  6619 8148  -1197 -2306 
-75       267  4240 6802  -504  -2289 
-74       365  1804 4507  990   -2263 
-73       479  246  2169  2773  -2227 
-72       607  162  725   4211  -2181 
-71       748  1583 769   4810  -2128 
-70       903  3965 2331  4393  -2066 
-69       1071 6398 4868  3155  -1997 
-68       1250 7950 7469  1617  -1921 
-67       1440 8027 9200  408   -1839 
-66       1642 6598 9467  14    -1750 
-65       1853 4214 8240  635   -1654 
-64       2072 1783 6067  2043  -1551 
-63       2300 237  3855  3726  -1442 
-62       2534 169  2537  5053  -1326 
-61       2775 1604 2703  5544  -1205 
-60       3022 3991 4379  5003  -1080 
-59       3272 6420 7013  3648  -952  
-58       3525 7959 9692  1998  -820  
-57       3782 8019 11484 687   -687  
-56       4040 6578 11801 184   -551  
-55       4297 4187 10618 693   -413  
-54       4554 1762 8484  1991  -273  
-53       4809 229  6316  3552  -131  
-52       5060 176  5038  4761  11    
-51       5310 1624 5236  5126  154   
-50       5553 4018 6934  4468  295   
-49       5790 6441 9571  2999  435   
-48       6021 7967 12231 1241  571   
-47       6245 8012 13988 -178  704   
-46       6460 6557 14257 -767  834   
-45       6665 4161 13017 -346  961   
-44       6860 1740 10826 862   1084  
-43       7045 220  8600  2338  1204  
-42       7218 184  7265  3461  1319  
-41       7377 1646 7402  3738  1428  
-40       7525 4044 9023  2984  1532  
-39       7659 6462 11569 1446  1629  
-38       7779 7975 14121 -376  1718  
-37       7884 8004 15754 -1841 1800  
-36       7974 6537 15888 -2467 1874  
-35       8049 4137 14511 -2083 1940  
-34       8109 1719 12186 -904  2000  
-33       8152 212  9828  550   2052  
-32       8179 191  8364  1639  2096  
-31       8191 1666 8370  1888  2132  
-30       8185 4069 9857  1122  2159  
-29       8164 6483 12254 -420  2177  
-28       8127 7984 14647 -2238 2184  
-27       8074 7997 16111 -3672 2183  
-26       8005 6516 16071 -4272 2172  
-25       7921 4110 14521 -3841 2152  
-24       7822 1698 12031 -2622 2124  
-23       7707 205  9520  -1133 2089  
-22       7578 200  7912  5     2046  
-21       7436 1687 7778  301   1994  
-20       7280 4095 9123  -406  1934  
-19       7112 6505 11375 -1890 1866  
-18       6933 7991 13617 -3626 1789  
-17       6742 7988 14924 -4981 1704  
-16       6539 6496 14730 -5482 1612  
-15       6329 4084 13035 -4956 1513  
-14       6108 1677 10413 -3631 1409  
-13       5881 197  7785  -2044 1300  
-12       5646 207  6078  -812  1186  
-11       5404 1707 5853  -422  1068  
-10       5157 4120 7111  -1030 945   
-9        4907 6524 9277  -2408 817   
-8        4654 7999 11431 -4031 684   
-7        4397 7980 12653 -5266 548   
-6        4140 6474 12377 -5639 410   
-5        3882 4059 10614 -4991 269   
-4        3626 1657 7941  -3544 128   
-3        3370 189  5283  -1838 -12   
-2        3119 216  3559  -503  -153  
-1        2870 1728 3335  0     -293  
0         2627 4146 4598  -513  -432  
1         2390 6545 6773  -1790 -570  
2         2160 8006 8935  -3297 -708  
3         1937 7972 10166 -4423 -843  
4         1723 6454 9909  -4679 -975  
5         1518 4033 8177  -3921 -1104 
6         1322 1636 5551  -2385 -1228 
7         1139 182  2958  -592  -1346 
8         967  224  1321  833   -1459 
9         807  1749 1191  1391  -1566 
10        660  4172 2556  955   -1667 
11        527  6565 4832  -258  -1762 
12        408  8015 7092  -1707 -1852 
13        303  7963 8423  -2776 -1935 
14        214  6433 8266  -2980 -2012 
15        139  4007 6647  -2167 -2080 
16        81   1616 4146  -585  -2139 
17        38   174  1697  1237  -2190 
18        12   234  212   2668  -2231 
19        1    1770 246   3237  -2264 
20        7    4197 1771  2792  -2288 
21        30   6586 4204  1572  -2305 
22        67   8022 6616  113   -2313 
23        121  7955 8089  -954  -2313 
24        191  6412 8076  -1174 -2305 
25        276  3982 6603  -387  -2287 
26        376  1596 4258  1171  -2259 
27        492  166  1972  2938  -2223 
28        621  241  658   4316  -2177 
29        763  1791 862   4816  -2122 
30        920  4223 2554  4303  -2060 
31        1088 6607 5143  3008  -1991 
32        1268 8030 7695  1481  -1914 
33        1460 7947 9298  328   -1831 
34        1663 6390 9407  34    -1741 
35        1874 3956 8053  740   -1645 
36        2095 1576 5830  2210  -1541 
37        2323 160  3671  3885  -1431 
38        2558 250  2483  5150  -1314 
39        2800 1812 2808  5533  -1193 
40        3047 4249 4612  4897  -1067 
41        3298 6627 7296  3489  -938  
42        3551 8036 9925  1848  -807  
43        3808 7938 11587 588   -673  
44        4066 6368 11746 191   -537  
45        4323 3930 10434 793   -399  
46        4579 1555 8253  2145  -258  
47        4834 152  6134  3704  -117  
48        5086 258  4986  4845  26    
49        5334 1834 5344  5109  168   
50        5577 4274 7168  4352  309   
51        5814 6647 9851  2824  448   
52        6044 8043 12461 1076  585   
53        6266 7928 14087 -285  718   
54        6480 6348 14194 -771  847   
55        6684 3905 12828 -257  974   
56        6879 1535 10589 1005  1097  
57        7062 145  8414  2476  1216  
58        7234 268  7207  3533  1331  
59        7392 1855 7502  3702  1440  
60        7539 4301 9247  2866  1543  
61        7671 6666 11840 1263  1639  
62        7790 8050 14337 -548  1728  
63        7893 7920 15840 -1946 1809  
64        7983 6326 15813 -2474 1882  
65        8056 3879 14309 -1993 1948  
66        8113 1515 11935 -760  2006  
67        8156 138  9628  681   2058  
68        8181 277  8294  1708  2101  
69        8190 1877 8458  1855  2136  
70        8184 4326 10067 1001  2162  
71        8161 6687 12510 -602  2178  
72        8123 8057 14848 -2403 2185  
73        8067 7910 16180 -3776 2183  
74        7998 6304 15977 -4269 2171  
75        7912 3853 14302 -3749 2150  
76        7810 1495 11765 -2476 2122  
77        7694 132  9305  -995  2086  
78        7564 286  7826  80    2041  
79        7421 1899 7850  273   1989  
80        7264 4352 9320  -526  1928  
81        7096 6707 11616 -2060 1859  
82        6915 8063 13803 -3785 1781  
83        6722 7901 14978 -5077 1695  
84        6519 6283 14623 -5469 1602  
85        6306 3827 12802 -4852 1503  
86        6085 1475 10133 -3479 1398  
87        5857 126  7560  -1896 1289  
88        5622 295  5983  -728  1174  
89        5380 1920 5917  -439  1055  
90        5132 4378 7300  -1140 932   
91        4882 6727 9510  -2573 803   
92        4628 8069 11609 -4180 670   
93        4372 7891 12697 -5349 534   
94        4113 6261 12263 -5619 395   
95        3856 3802 10374 -4869 255   
96        3600 1455 7658  -3376 114   
97        3345 120  5055  -1687 -26   
98        3094 306  3465  -409  -167  
99        2846 1942 3400  -6    -306  
100       2603 4403 4788  -607  -445  
101       2367 6747 7006  -1937 -584  
102       2137 8075 9114  -3436 -721  
103       1915 7882 10212 -4492 -856  
104       1701 6239 9797  -4656 -988  
105       1497 3776 7940  -3796 -1116 
106       1303 1435 5273  -2206 -1239 
107       1121 114  2738  -422  -1357 
108       950  316  1235  934   -1469 
109       792  1964 1266  1394  -1575 
110       646  4429 2756  864   -1676 
111       514  6767 5075  -401  -1771 
112       397  8081 7281  -1850 -1860 
113       294  7871 8478  -2841 -1943 
114       206  6217 8165  -2940 -2018 
115       133  3751 6423  -2035 -2086 
116       77   1416 3884  -402  -2145 
117       35   108  1493  1413  -2194 
118       10   326  143   2774  -2235 
119       1    1986 336   3238  -2267 
120       9    4454 1987  2699  -2290 
121       33   6786 4463  1429  -2306 
122       71   8087 6819  -20   -2314 
123       128  7861 8158  -1024 -2313 
124       199  6195 7989  -1138 -2303 
125       285  3725 6394  -262  -2284 
126       387  1396 4010  1344  -2256 
127       504  102  1783  3111  -2219 
128       634  336  606   4412  -2172 
129       778  2008 970   4806  -2116 
130       936  4480 2786  4197  -2053 
131       1106 6806 5416  2860  -1983 
132       1287 8093 7912  1329  -1906 
133       1480 7850 9380  248   -1822 
134       1684 6173 9330  65    -1732 
135       1896 3699 7857  872   -1634 
136       2117 1377 5595  2370  -1530 
137       2346 96   3494  4036  -1419 
138       2582 346  2442  5226  -1302 
139       2824 2030 2928  5513  -1180 
140       3072 4505 4854  4782  -1054 
141       3323 6824 7577  3321  -925  
142       3577 8099 10147 1687  -793  
143       3833 7841 11676 506   -659  
144       4092 6150 11674 209   -522  
145       4349 3674 10242 901   -384  
146       4605 1358 8023  2301  -244  
147       4859 90   5963  3844  -102  
148       5111 356  4949  4918  41    
149       5359 2053 5467  5077  183   
150       5601 4531 7412  4228  324   
151       5837 6844 10132 2647  463   
152       6067 8104 12681 909   599   
153       6289 7831 14171 -375  731   
154       6501 6128 14120 -761  860   
155       6705 3648 12629 -153  986   
156       6898 1340 10353 1147  1109  
157       7080 86   8238  2614  1227  
158       7250 367  7166  3591  1342  
159       7408 2075 7617  3663  1450  
160       7553 4557 9483  2731  1553  
161       7684 6862 12110 1085  1648  
162       7801 8109 14546 -717  1735  
163       7902 7820 15910 -2050 1815  
164       7990 6105 15722 -2470 1888  
165       8062 3622 14095 -1898 1953  
166       8118 1320 11684 -618  2010  
167       8159 80   9438  814   2061  
168       8183 377  8239  1765  2103  
169       8191 2098 8560  1812  2137  
170       8183 4583 10289 870   2162  
171       8158 6881 12766 -784  2178  
172       8117 8113 15039 -2567 2184  
173       8061 7809 16230 -3872 2180  
174       7989 6083 15870 -4268 2168  
175       7903 3596 14072 -3652 2147  
176       7800 1301 11499 -2328 2117  
177       7682 76   9101  -856  2081  
178       7551 388  7758  139   2036  
179       7406 2120 7939  235   1983  
180       7248 4608 9526  -656  1921  
181       7077 6900 11856 -2236 1851  
182       6896 8119 13977 -3947 1772  
183       6702 7799 15015 -5165 1686  
184       6498 6061 14501 -5454 1592  
185       6285 3571 12559 -4738 1493  
186       6064 1283 9856  -3322 1387  
187       5834 71   7347  -1753 1277  
188       5597 399  5905  -654  1162  
189       5356 2143 5996  -464  1043  
190       5108 4634 7499  -1256 919   
191       4857 6918 9742  -2734 790   
192       4602 8124 11775 -4324 656   
193       4346 7787 12726 -5419 520   
194       4088 6038 12133 -5588 381   
195       3831 3546 10126 -4749 240   
196       3575 1264 7377  -3208 100   
197       3320 67   4839  -1527 -41   
198       3069 410  3387  -321  -181  
199       2821 2165 3479  -27   -321  
200       2579 4659 4986  -717  -460  
201       2343 6938 7238  -2086 -598  
202       2115 8128 9281  -3575 -735  
203       1893 7776 10243 -4555 -870  
204       1681 6015 9669  -4607 -1002 
205       1477 3520 7696  -3660 -1130 
206       1285 1245 4997  -2028 -1252 
207       1103 61   2530  -257  -1370 
208       933  421  1164  1020  -1481 
209       776  2188 1354  1386  -1587 
210       632  4685 2964  757   -1687 
211       502  6956 5317  -552  -1782 
212       385  8133 7458  -1972 -1870 
213       285  7764 8518  -2898 -1952 
214       198  5993 8049  -2894 -2027 
215       126  3495 6191  -1901 -2093 
216       72   1227 3621  -217  -2151 
217       32   57   1299  1575  -2199 
218       8    433  89    2864  -2239 
219       1    2211 441   3225  -2270 
220       11   4710 2212  2596  -2292 
221       36   6974 4721  1283  -2307 
222       77   8137 7010  -151  -2314 
223       134  7753 8214  -1079 -2312 
224       206  5970 7887  -1098 -2301 
225       294  3469 6176  -117  -2282 
226       398  1208 3763  1526  -2253 
227       517  53   1606  3265  -2214 
228       648  445  570   4498  -2166 
229       793  2234 1093  4792  -2110 
230       952  4736 3027  4090  -2046 
231       1123 6993 5688  2700  -1976 
232       1305 8140 8116  1198  -1898 
233       1500 7741 9445  188   -1814 
234       1704 5946 9241  101   -1722 
235       1918 3443 7650  995   -1624 
236       2140 1190 5361  2548  -1519 
237       2369 49   3330  4186  -1408 
238       2607 456  2418  5303  -1290 
239       2849 2257 3063  5481  -1168 
240       3097 4761 5106  4666  -1042 
241       3348 7011 7858  3156  -912  
242       3603 8145 10359 1541  -780  
243       3859 7730 11748 428   -646  
244       4117 5924 11589 234   -510  
245       4374 3419 10041 1014  -371  
246       4630 1172 7793  2458  -230  
247       4885 45   5802  3981  -88   
248       5136 469  4930  4974  54    
249       5383 2279 5605  5030  197   
250       5624 4786 7662  4089  338   
251       5861 7029 10410 2474  476   
252       6088 8149 12890 748   612   
253       6310 7718 14237 -457  744   
254       6522 5901 14028 -743  873   
255       6725 3393 12423 -48   999   
256       6916 1154 10118 1304  1121  
257       7098 41   8070  2737  1239  
258       7266 480  7139  3642  1353  
259       7423 2302 7746  3610  1461  
260       7567 4812 9725  2588  1563  
261       7696 7047 12379 900   1657  
262       7812 8153 14743 -878  1744  
263       7912 7705 15965 -2132 1824  
264       7998 5878 15617 -2454 1895  
265       8068 3367 13876 -1790 1960  
266       8123 1137 11435 -471  2017  
267       8161 38   9260  937   2066  
268       8184 493  8199  1814  2108  
269       8191 2326 8677  1761  2141  
270       8180 4837 10517 724   2165  
271       8155 7065 13017 -962  2179  
272       8113 8155 15220 -2732 2184  
273       8055 7693 16268 -3961 2179  
274       7981 5854 15748 -4247 2166  
275       7892 3342 13835 -3541 2143  
276       7789 1119 11234 -2173 2113  
277       7669 35   8908  -726  2075  
278       7537 505  7704  197   2030  
279       7391 2349 8042  194   1976  
280       7232 4862 9740  -790  1913  
281       7060 7082 12094 -2410 1842  
282       6877 8159 14142 -4097 1763  
283       6682 7681 15036 -5236 1676  
284       6477 5832 14363 -5430 1582  
285       6264 3317 12309 -4625 1481  
286       6040 1101 9581  -3156 1376  
287       5811 32   7141  -1606 1265  
288       5573 518  5843  -595  1150  
289       5331 2372 6091  -508  1030  
290       5083 4888 7703  -1381 906   
291       4831 7100 9971  -2896 776   
292       4577 8162 11931 -4468 643   
293       4320 7668 12739 -5484 506   
294       4062 5808 11988 -5542 367   
295       3805 3292 9870  -4616 227   
296       3549 1084 7097  -3031 86    
297       3295 29   4633  -1370 -55   
298       3044 530  3324  -246  -195  
299       2797 2396 3574  -51   -335  
300       2556 4913 5193  -831  -474  
301       2321 7117 7469  -2240 -612  
302       2092 8165 9438  -3697 -749  
303       1871 7656 10257 -4604 -883  
304       1659 5784 9527  -4555 -1014 
305       1457 3266 7443  -3524 -1142 
306       1266 1066 4723  -1841 -1264 
307       1086 26   2332  -95   -1380 
308       918  542  1112  1104  -1491 
309       762  2419 1460  1362  -1596 
310       618  4938 3181  652   -1696 
311       490  7134 5556  -700  -1790 
312       375  8167 7624  -2103 -1878 
313       275  7643 8542  -2940 -1959 
314       190  5762 7918  -2832 -2033 
315       121  3241 5952  -1752 -2098 
316       68   1049 3362  -32   -2155 
317       29   23   1117  1730  -2203 
318       7    555  52    2947  -2242 
319       1    2443 562   3205  -2272 
320       12   4963 2444  2490  -2294 
321       39   7151 4975  1136  -2308 
322       82   8170 7190  -275  -2313 
323       141  7631 8252  -1129 -2311 
324       215  5737 7772  -1039 -2299 
325       304  3216 5952  21    -2278 
326       409  1032 3520  1699  -2248 
327       529  21   1441  3419  -2208 
328       661  569  550   4570  -2160 
329       808  2466 1230  4767  -2103 
330       969  4988 3274  3978  -2038 
331       1141 7169 5957  2547  -1967 
332       1324 8172 8310  1066  -1888 
333       1519 7617 9496  136   -1803 
334       1725 5714 9136  142   -1711 
335       1939 3192 7439  1119  -1613 
336       2163 1016 5131  2711  -1507 
337       2393 18   3179  4330  -1395 
338       2630 582  2411  5368  -1277 
339       2874 2490 3212  5443  -1155 
340       3122 5013 5364  4538  -1028 
341       3373 7185 8135  2990  -898  
342       3628 8175 10558 1400  -766  
343       3885 7604 11803 360   -632  
344       4143 5690 11489 274   -495  
345       4400 3167 9833  1142  -356  
346       4656 999  7567  2617  -216  
347       4910 16   5655  4116  -74   
348       5161 595  4926  5028  69    
349       5408 2514 5756  4980  211   
350       5648 5038 7922  3952  352   
351       5883 7203 10686 2292  490   
352       6111 8176 13086 603   625   
353       6332 7590 14287 -533  757   
354       6542 5666 13922 -721  885   
355       6744 3141 12208 65    1011  
356       6936 982  9885  1453  1132  
357       7115 14   7918  2861  1250  
358       7282 609  7129  3683  1363  
359       7438 2537 7891  3553  1471  
360       7581 5063 9975  2437  1572  
361       7708 7219 12644 718   1666  
362       7823 8179 14927 -1036 1752  
363       7922 7577 16002 -2206 1830  
364       8005 5643 15499 -2433 1901  
365       8074 3116 13648 -1674 1965  
366       8127 965  11190 -323  2021  
367       8164 12   9092  1061  2070  
368       8186 622  8176  1851  2111  
369       8191 2561 8808  1700  2143  
370       8179 5089 10752 577   2166  
371       8150 7236 13268 -1149 2180  
372       8107 8181 15386 -2886 2184  
373       8048 7563 16288 -4034 2178  
374       7973 5619 15611 -4212 2164  
375       7883 3091 13592 -3431 2141  
376       7778 948  10974 -2026 2111  
377       7657 10   8726  -600  2072  
378       7524 636  7667  238   2025  
379       7376 2584 8160  133   1971  
380       7214 5114 9960  -931  1907  
381       7042 7252 12328 -2588 1835  
382       6858 8183 14294 -4246 1755  
383       6663 7550 15041 -5300 1667  
384       6456 5595 14213 -5384 1572  
385       6242 3066 12051 -4500 1471  
386       6018 931  9308  -2998 1365  
387       5787 8    6949  -1479 1254  
388       5550 649  5795  -538  1138  
389       5307 2609 6199  -548  1018  
390       5058 5139 7916  -1512 893   
391       4806 7268 10197 -3060 763   
392       4551 8184 12074 -4602 630   
393       4294 7536 12735 -5532 493   
394       4037 5571 11830 -5498 353   
395       3780 3042 9608  -4484 213   
396       3523 916  6822  -2861 72    
397       3269 7    4439  -1228 -69   
398       3020 663  3276  -182  -209  
399       2773 2632 3683  -92   -348  
400       2532 5163 5405  -952  -487  
401       2297 7284 7695  -2392 -625  
402       2070 8186 9581  -3824 -762  
403       1850 7522 10256 -4645 -896  
404       1639 5548 9372  -4499 -1027 
405       1438 3017 7187  -3376 -1154 
406       1247 900  4455  -1661 -1276 
407       1068 6    2147  57    -1392 
408       901  677  1074  1180  -1502 
409       747  2656 1578  1334  -1607 
410       604  5188 3403  537   -1706 
411       478  7300 5792  -847  -1799 
412       365  8187 7778  -2215 -1886 
413       265  7508 8552  -2979 -1967 
414       183  5523 7773  -2766 -2040 
415       115  2991 5706  -1608 -2105 
416       63   884  3106  146   -2161 
417       26   5    947   1884  -2207 
418       6    691  31    3014  -2245 
419       2    2681 697   3175  -2275 
420       14   5212 2683  2376  -2296 
421       43   7316 5226  988   -2309 
422       87   8188 7359  -394  -2314 
423       148  7493 8275  -1162 -2310 
424       223  5499 7641  -975  -2298 
425       315  2967 5722  170   -2277 
426       420  868  3282  1884  -2245 
427       541  3    1288  3576  -2205 
428       676  706  544   4633  -2155 
429       824  2705 1382  4724  -2098 
430       986  5237 3529  3847  -2032 
431       1158 7332 6223  2387  -1960 
432       1343 8188 8490  940   -1881 
433       1539 7480 9531  88    -1795 
434       1745 5475 9019  207   -1703 
435       1961 2942 7220  1267  -1603 
436       2185 852  4903  2887  -1497 
437       2417 3    3037  4467  -1384 
438       2655 720  2420  5422  -1266 
439       2898 2729 3375  5394  -1142 
440       3146 5262 5627  4398  -1016 
441       3399 7348 8408  2821  -886  
442       3654 8190 10747 1261  -753  
443       3911 7464 11844 309   -619  
444       4168 5451 11375 316   -482  
445       4425 2917 9619  1264  -343  
446       4682 836  7342  2769  -202  
447       4936 2    5518  4244  -60   
448       5185 735  4938  5072  82    
449       5431 2753 5920  4915  224   
450       5671 5287 8184  3806  365   
451       5906 7363 10958 2120  503   
452       6133 8190 13269 449   638   
453       6353 7450 14323 -591  770   
454       6563 5426 13803 -672  898   
455       6764 2892 11989 192   1023  
456       6954 821  9656  1606  1144  
457       7132 2    7775  2980  1262  
458       7299 749  7134  3717  1374  
459       7453 2777 8048  3478  1481  
460       7593 5311 10230 2289  1582  
461       7720 7379 12904 533   1675  
462       7833 8191 15099 -1184 1760  
463       7931 7435 16024 -2280 1838  
464       8013 5402 15366 -2394 1908  
465       8081 2869 13415 -1561 1971  
466       8132 806  10950 -172  2026  
467       8167 2    8938  1172  2074  
468       8187 764  8169  1893  2114  
469       8190 2802 8951  1632  2146  
470       8177 5336 10992 427   2168  
471       8147 7394 13513 -1335 2180  
472       8102 8190 15541 -3034 2183  
473       8041 7420 16292 -4094 2177  
474       7965 5377 15461 -4177 2161  
475       7872 2844 13342 -3305 2138  
476       7765 790  10716 -1874 2106  
477       7644 1    8555  -481  2067  
478       7509 779  7645  271   2020  
479       7360 2826 8288  64    1964  
480       7198 5361 10186 -1079 1900  
481       7025 7410 12559 -2760 1828  
482       6838 8191 14435 -4385 1747  
483       6642 7404 15029 -5357 1659  
484       6436 5354 14046 -5341 1563  
485       6220 2819 11790 -4369 1462  
486       5995 775  9039  -2835 1356  
487       5764 1    6770  -1346 1244  
488       5525 795  5765  -493  1128  
489       5281 2851 6320  -601  1007  
490       5033 5385 8132  -1647 882   
491       4781 7424 10418 -3226 751   
492       4525 8191 12205 -4732 617   
493       4268 7389 12716 -5574 480   
494       4011 5329 11657 -5436 340   
495       3754 2795 9340  -4339 200   
496       3498 760  6549  -2685 59    
497       3244 1    4258  -1088 -81   
498       2994 810  3245  -125  -221  
499       2748 2876 3804  -137  -361  
500       2509 5410 5624  -1075 -500  
501       2274 7439 7919  -2548 -638  
502       2048 8191 9713  -3943 -774  
503       1829 7374 10239 -4677 -908  
504       1619 5305 9203  -4423 -1039 
505       1418 2770 6924  -3230 -1165 
506       1229 745  4188  -1482 -1287 
507       1051 2    1974  201   -1402 
508       886  826  1053  1237  -1512 
509       732  2899 1712  1294  -1617 
510       592  5434 3631  416   -1715 
511       466  7454 6026  -993  -1808 
512       353  8190 7920  -2329 -1895 
513       256  7358 8543  -3005 -1974 
514       175  5279 7614  -2692 -2047 
515       109  2746 5454  -1445 -2110 
516       58   730  2855  332   -2165 
517       24   2    788   2037  -2211 
518       5    841  26    3082  -2248 
519       2    2925 846   3136  -2277 
520       16   5459 2927  2250  -2297 
521       46   7469 5475  836   -2309 
522       92   8189 7515  -506  -2313 
523       154  7343 8281  -1190 -2309 
524       232  5256 7497  -899  -2296 
525       325  2722 5488  319   -2273 
526       432  716  3047  2063  -2241 
527       554  3    1148  3710  -2200 
528       690  857  557   4693  -2149 
529       839  2949 1547  4680  -2091 
530       1002 5483 3788  3727  -2025 
531       1177 7483 6485  2232  -1952 
532       1363 8189 8660  817   -1873 
533       1560 7327 9552  57    -1786 
534       1767 5231 8887  270   -1693 
535       1983 2697 6998  1409  -1593 
536       2208 702  4680  3052  -1486 
537       2441 4    2910  4598  -1373 
538       2678 873  2445  5468  -1254 
539       2922 2974 3551  5331  -1131 
540       3172 5507 5896  4260  -1003 
541       3424 7498 8679  2656  -873  
542       3680 8188 10922 1128  -741  
543       3936 7311 11868 265   -606  
544       4194 5206 11247 374   -469  
545       4451 2673 9400  1403  -329  
546       4707 687  7124  2934  -188  
547       4961 5    5394  4360  -46   
548       5210 889  4966  5104  97    
549       5456 2999 6099  4847  239   
550       5695 5531 8455  3654  379   
551       5930 7512 11226 1934  517   
552       6156 8186 13442 315   651   
553       6374 7295 14342 -650  782   
554       6583 5181 13669 -634  910   
555       6783 2649 11764 307   1035  
556       6972 673  9432  1750  1156  
557       7149 6    7645  3086  1273  
558       7315 905  7155  3744  1385  
559       7468 3024 8220  3405  1491  
560       7607 5555 10492 2129  1591  
561       7732 7526 13162 346   1683  
562       7844 8185 15258 -1331 1768  
563       7940 7279 16029 -2335 1845  
564       8021 5155 15219 -2354 1914  
565       8086 2625 13176 -1440 1976  
566       8136 659  10711 -26   2031  
567       8170 8    8795  1284  2079  
568       8188 921  8178  1908  2118  
569       8189 3049 9109  1548  2148  
570       8175 5579 11238 265   2170  
571       8144 7540 13754 -1519 2181  
572       8096 8184 15684 -3178 2183  
573       8035 7263 16280 -4152 2176  
574       7956 5130 15298 -4130 2160  
575       7863 2601 13086 -3176 2135  
576       7755 645  10464 -1723 2103  
577       7632 9    8400  -374  2063  
578       7495 938  7641  303   2015  
579       7344 3074 8433  -10   1958  
580       7182 5603 10418 -1232 1893  
581       7007 7554 12785 -2940 1820  
582       6820 8183 14561 -4524 1738  
583       6622 7247 15003 -5405 1648  
584       6415 5105 13869 -5288 1552  
585       6198 2577 11520 -4232 1450  
586       5973 631  8775  -2678 1343  
587       5740 11   6604  -1227 1231  
588       5502 953  5751  -458  1115  
589       5257 3098 6455  -675  993   
590       5008 5626 8355  -1796 867   
591       4755 7568 10634 -3387 737   
592       4500 8180 12323 -4856 602   
593       4244 7230 12680 -5610 465   
594       3986 5081 11474 -5362 325   
595       3728 2554 9067  -4190 185   
596       3472 617  6282  -2505 44    
597       3218 12   4089  -960  -96   
598       2969 970  3230  -80   -236  
599       2724 3124 3939  -192  -376  
600       2485 5650 5848  -1207 -514  
601       2251 7582 8135  -2702 -652  
602       2025 8179 9833  -4055 -789  
603       1807 7213 10204 -4701 -922  
604       1599 5055 9020  -4339 -1053 
605       1399 2530 6654  -3063 -1179 
606       1211 603  3929  -1296 -1299 
607       1034 14   1814  345   -1414 
608       869  987  1048  1292  -1524 
609       717  3148 1856  1243  -1627 
610       579  5674 3865  291   -1726 
611       455  7595 6253  -1142 -1818 
612       343  8177 8050  -2427 -1904 
613       248  7197 8520  -3019 -1983 
614       167  5031 7445  -2606 -2055 
615       103  2507 5198  -1282 -2118 
616       53   591  2610  520   -2172 
617       21   16   644   2178  -2217 
618       4    1003 37    3132  -2253 
619       3    3174 1007  3085  -2281 
620       19   5697 3177  2127  -2300 
621       50   7608 5716  692   -2311 
622       98   8175 7658  -611  -2314 
623       161  7180 8273  -1210 -2309 
624       240  5006 7341  -813  -2295 
625       334  2483 5246  486   -2271 
626       443  578  2817  2246  -2238 
627       567  19   1021  3848  -2195 
628       704  1020 586   4741  -2144 
629       856  3199 1724  4621  -2085 
630       1019 5721 4055  3590  -2018 
631       1194 7621 6740  2076  -1944 
632       1382 8172 8815  705   -1864 
633       1580 7163 9554  32    -1777 
634       1788 4981 8743  353   -1683 
635       2006 2459 6769  1560  -1582 
636       2231 565  4465  3222  -1474 
637       2463 22   2796  4722  -1360 
638       2702 1037 2485  5501  -1241 
639       2947 3224 3739  5262  -1117 
640       3197 5745 6171  4116  -989  
641       3450 7634 8942  2484  -859  
642       3706 8169 11084 1008  -726  
643       3962 7146 11875 226   -591  
644       4219 4955 11108 443   -453  
645       4477 2436 9174  1539  -314  
646       4733 552  6913  3092  -173  
647       4985 24   5285  4476  -31   
648       5234 1054 5009  5125  112   
649       5480 3248 6288  4769  254   
650       5719 5768 8728  3500  394   
651       5952 7646 11487 1765  531   
652       6177 8167 13598 180   665   
653       6395 7128 14344 -695  796   
654       6603 4931 13523 -571  924   
655       6803 2412 11534 444   1048  
656       6991 539  9215  1904  1169  
657       7167 27   7530  3194  1286  
658       7330 1072 7194  3758  1397  
659       7481 3274 8402  3315  1503  
660       7620 5792 10755 1968  1602  
661       7743 7660 13412 161   1693  
662       7854 8163 15403 -1472 1777  
663       7949 7112 16017 -2381 1853  
664       8029 4905 15061 -2298 1921  
665       8093 2388 12934 -1315 1983  
666       8141 526  10481 121   2037  
667       8172 30   8667  1386  2083  
668       8188 1089 8202  1914  2121  
669       8189 3300 9277  1460  2151  
670       8172 5815 11489 102   2171  
671       8140 7672 13987 -1698 2182  
672       8091 8161 15812 -3310 2183  
673       8028 7094 16252 -4196 2175  
674       7948 4881 15122 -4073 2158  
675       7852 2366 12829 -3046 2133  
676       7743 513  10218 -1570 2100  
677       7618 33   8256  -265  2059  
678       7481 1107 7651  316   2010  
679       7329 3324 8588  -93   1953  
680       7165 5838 10653 -1386 1888  
681       6988 7685 13003 -3114 1813  
682       6801 8158 14673 -4645 1731  
683       6601 7076 14959 -5440 1641  
684       6393 4855 13677 -5213 1544  
685       6175 2341 11248 -4087 1442  
686       5950 502  8516  -2514 1334  
687       5717 36   6452  -1111 1222  
688       5477 1124 5753  -433  1105  
689       5233 3350 6601  -748  983   
690       4983 5862 8583  -1941 856   
691       4729 7697 10845 -3555 725   
692       4474 8154 12426 -4969 590   
693       4218 7059 12628 -5631 452   
694       3960 4829 11277 -5285 312   
695       3702 2319 8789  -4030 172   
696       3446 489  6021  -2348 31    
697       3194 39   3935  -832  -110  
698       2945 1142 3233  -51   -250  
699       2700 3375 4087  -260  -389  
700       2461 5885 6075  -1345 -528  
701       2228 7709 8346  -2860 -665  
702       2004 8150 9937  -4156 -801  
703       1786 7041 10154 -4711 -935  
704       1578 4804 8827  -4252 -1065 
705       1380 2295 6382  -2900 -1190 
706       1192 477  3675  -1113 -1310 
707       1017 43   1669  484   -1424 
708       854  1160 1060  1332  -1533 
709       703  3401 2014  1188  -1636 
710       566  5908 4104  157   -1734 
711       442  7721 6474  -1282 -1825 
712       333  8147 8163  -2532 -1911 
713       239  7024 8480  -3023 -1989 
714       160  4779 7263  -2509 -2060 
715       97   2272 4939  -1123 -2122 
716       50   465  2369  698   -2175 
717       19   46   515   2311  -2219 
718       3    1178 65    3173  -2255 
719       4    3426 1181  3025  -2282 
720       21   5931 3430  1994  -2300 
721       54   7733 5952  544   -2311 
722       103  8144 7787  -708  -2314 
723       169  7005 8247  -1218 -2308 
724       249  4753 7174  -718  -2293 
725       345  2250 5002  645   -2269 
726       455  454  2595  2425  -2235 
727       580  50   909   3976  -2191 
728       719  1196 630   4775  -2139 
729       871  3452 1915  4552  -2079 
730       1036 5954 4323  3455  -2012 
731       1213 7744 6990  1915  -1938 
732       1402 8140 8957  595   -1856 
733       1601 6988 9542  16    -1769 
734       1810 4728 8589  436   -1674 
735       2028 2226 6538  1721  -1572 
736       2254 442  4254  3399  -1464 
737       2487 54   2696  4844  -1349 
738       2726 1214 2541  5523  -1229 
739       2972 3477 3940  5187  -1104 
740       3222 5976 6449  3962  -976  
741       3475 7757 9198  2321  -846  
742       3731 8135 11232 891   -713  
743       3987 6969 11866 207   -578  
744       4245 4703 10956 513   -440  
745       4502 2204 8948  1685  -301  
746       4759 429  6706  3248  -160  
747       5011 59   5188  4577  -17   
748       5259 1232 5070  5135  125   
749       5504 3502 6491  4675  267   
750       5743 5999 9006  3336  407   
751       5975 7768 11742 1585  544   
752       6200 8132 13743 51    678   
753       6417 6951 14332 -728  808   
754       6624 4678 13368 -508  936   
755       6822 2181 11302 576   1060  
756       7009 418  9003  2048  1180  
757       7183 63   7427  3292  1296  
758       7346 1251 7246  3759  1407  
759       7496 3527 8597  3212  1512  
760       7633 6022 11023 1800  1610  
761       7756 7780 13655 -19   1701  
762       7865 8127 15536 -1606 1784  
763       7958 6932 15992 -2417 1860  
764       8035 4652 14890 -2231 1928  
765       8098 2159 12687 -1180 1989  
766       8144 407  10257 264   2042  
767       8175 67   8551  1480  2088  
768       8189 1269 8242  1918  2125  
769       8188 3553 9458  1355  2154  
770       8169 6045 11741 -67   2173  
771       8136 7790 14214 -1879 2183  
772       8086 8123 15926 -3445 2183  
773       8020 6913 16209 -4233 2174  
774       7939 4626 14933 -4004 2156  
775       7842 2136 12565 -2909 2130  
776       7732 396  9978  -1427 2096  
777       7605 72   8128  -169  2054  
778       7466 1288 7677  327   2004  
779       7313 3578 8754  -194  1946  
780       7148 6067 10891 -1553 1879  
781       6971 7801 13215 -3285 1804  
782       6781 8117 14772 -4764 1721  
783       6581 6894 14898 -5462 1630  
784       6372 4601 13475 -5139 1533  
785       6154 2113 10973 -3946 1430  
786       5927 385  8267  -2352 1322  
787       5693 77   6312  -1005 1209  
788       5454 1307 5770  -414  1092  
789       5208 3605 6761  -834  969   
790       4957 6090 8813  -2093 842   
791       4705 7813 11047 -3713 711   
792       4449 8113 12518 -5079 576   
793       4191 6876 12562 -5649 438   
794       3934 4575 11067 -5195 298   
795       3677 2091 8509  -3874 157   
796       3421 374  5768  -2173 17    
797       3168 82   3795  -713  -124  
798       2920 1326 3250  -22   -264  
799       2675 3630 4246  -335  -403  
800       2437 6113 6305  -1482 -542  
801       2205 7824 8550  -3005 -679  
802       1981 8107 10029 -4250 -815  
803       1765 6857 10088 -4708 -949  
804       1558 4550 8622  -4151 -1078 
805       1360 2068 6108  -2730 -1203 
806       1174 364  3428  -939  -1323 
807       1001 88   1538  600   -1437 
808       838  1345 1089  1364  -1545 
809       689  3655 2183  1115  -1647 
810       552  6135 4344  20    -1744 
811       430  7833 6687  -1432 -1835 
812       323  8102 8263  -2615 -1919 
813       230  6838 8425  -3023 -1997 
814       153  4524 7068  -2404 -2067 
815       91   2046 4677  -941  -2128 
816       45   353  2137  886   -2181 
817       16   93   398   2442  -2224 
818       2    1364 109   3207  -2258 
819       5    3681 1366  2954  -2284 
820       24   6157 3686  1855  -2302 
821       58   7844 6181  390   -2312 
822       109  8096 7902  -804  -2314 
823       175  6818 8205  -1214 -2307 
824       257  4498 6993  -623  -2291 
825       354  2024 4755  817   -2265 
826       466  342  2378  2603  -2230 
827       594  99   808   4096  -2186 
828       734  1383 693   4798  -2133 
829       887  3707 2117  4479  -2072 
830       1053 6179 4594  3307  -2004 
831       1231 7855 7232  1772  -1929 
832       1421 8092 9086  502   -1847 
833       1621 6799 9513  9     -1759 
834       1831 4473 8420  530   -1663 
835       2050 2002 6304  1873  -1561 
836       2276 332  4052  3553  -1452 
837       2511 103  2608  4946  -1337 
838       2751 1403 2614  5538  -1217 
839       2996 3732 4154  5099  -1092 
840       3247 6201 6728  3811  -964  
841       3500 7865 9448  2163  -833  
842       3756 8086 11365 784   -700  
843       4014 6780 11842 192   -564  
844       4271 4447 10794 600   -427  
845       4528 1980 8718  1837  -287  
846       4783 323  6508  3409  -145  
847       5035 109  5106  4679  -3    
848       5284 1422 5144  5141  140   
849       5529 3758 6706  4575  281   
850       5766 6223 9287  3172  420   
851       5997 7875 11989 1412  557   
852       6222 8080 13872 -68   690   
853       6438 6760 14302 -750  821   
854       6644 4421 13198 -434  948   
855       6841 1958 11065 716   1071  
856       7027 313  8799  2198  1191  
857       7201 115  7340  3380  1307  
858       7362 1442 7316  3757  1417  
859       7511 3784 8804  3103  1522  
860       7645 6246 11295 1627  1619  
861       7768 7884 13891 -198  1709  
862       7874 8074 15652 -1725 1792  
863       7966 6741 15948 -2453 1866  
864       8043 4395 14707 -2164 1934  
865       8104 1936 12438 -1046 1994  
866       8148 303  10040 405   2046  
867       8176 121  8451  1561  2091  
868       8190 1461 8297  1912  2128  
869       8187 3810 9651  1245  2156  
870       8167 6266 11997 -241  2175  
871       8132 7894 14433 -2058 2184  
872       8081 8067 16026 -3560 2183  
873       8013 6721 16148 -4258 2173  
874       7931 4371 14734 -3926 2155  
875       7832 1914 12302 -2769 2128  
876       7719 293  9746  -1273 2094  
877       7592 128  8012  -75   2051  
878       7451 1481 7720  317   2001  
879       7297 3834 8932  -293  1942  
880       7131 6289 11131 -1720 1874  
881       6952 7903 13420 -3458 1798  
882       6762 8061 14855 -4880 1714  
883       6560 6701 14823 -5475 1622  
884       6350 4345 13261 -5053 1524  
885       6131 1892 10695 -3787 1421  
886       5904 284  8023  -2201 1312  
887       5669 134  6188  -909  1199  
888       5429 1500 5803  -412  1080  
889       5182 3860 6929  -920  957   
890       4933 6311 9042  -2245 830   
891       4680 7912 11244 -3870 698   
892       4423 8054 12592 -5171 562   
893       4165 6682 12477 -5649 424   
894       3908 4319 10847 -5092 284   
895       3651 1870 8227  -3714 143   
896       3396 274  5521  -2006 2     
897       3144 142  3670  -602  -138  
898       2895 1521 3286  -9    -278  
899       2651 3886 4416  -414  -417  
900       2414 6333 6537  -1628 -556  
901       2183 7922 8747  -3152 -693  
902       1959 8047 10105 -4346 -829  
903       1743 6661 10006 -4706 -962  
904       1538 4293 8404  -4047 -1091 
905       1342 1849 5831  -2560 -1215 
906       1156 265  3191  -762  -1334 
907       984  148  1421  722   -1447 
908       823  1541 1132  1380  -1555 
909       674  3912 2364  1040  -1656 
910       540  6354 4586  -118  -1753 
911       419  7932 6894  -1570 -1843 
912       313  8041 8351  -2700 -1927 
913       222  6641 8354  -3001 -2004 
914       146  4267 6863  -2287 -2073 
915       86   1827 4413  -763  -2133 
916       42   256  1913  1056  -2185 
917       15   154  298   2555  -2227 
918       2    1561 169   3225  -2261 
919       6    3937 1563  2876  -2286 
920       26   6375 3943  1719  -2303 
921       63   7940 6401  255   -2312 
922       114  8035 8003  -889  -2312 
923       183  6621 8149  -1200 -2304 
924       267  4242 6804  -503  -2288 
925       365  1806 4509  989   -2261 
926       479  247  2171  2771  -2226 
927       607  161  726   4212  -2181 
928       748  1581 768   4816  -2127 
929       903  3963 2329  4396  -2066 
930       1071 6397 4866  3158  -1997 
931       1250 7949 7468  1623  -1922 
932       1440 8028 9199  406   -1839 
933       1642 6601 9468  19    -1750 
934       1853 4217 8243  634   -1655 
935       2072 1784 6070  2042  -1552 
936       2300 238  3856  3722  -1442 
937       2534 169  2538  5056  -1326 
938       2775 1602 2703  5538  -1205 
939       3022 3988 4377  5001  -1080 
940       3272 6418 7010  3651  -951  
941       3525 7958 9690  2001  -820  
942       3782 8020 11483 679   -686  
943       4040 6580 11802 185   -551  
944       4297 4189 10620 686   -413  
945       4554 1764 8486  1986  -273  
946       4809 230  6318  3555  -131  
947       5060 176  5039  4764  11    
948       5309 1622 5236  5127  154   
949       5553 4016 6931  4466  295   
950       5790 6439 9569  3000  434   
951       6021 7967 12229 1241  571   
952       6244 8013 13988 -181  704   
953       6459 6559 14257 -764  834   
954       6665 4164 13018 -350  961   
955       6860 1743 10829 862   1084  
956       7044 221  8603  2337  1204  
957       7217 183  7265  3458  1319  
958       7377 1643 7400  3731  1429  
959       7525 4041 9020  2989  1533  
960       7659 6460 11566 1447  1630  
961       7779 7974 14119 -369  1719  
962       7884 8005 15753 -1839 1800  
963       7974 6539 15889 -2468 1874  
964       8049 4139 14513 -2083 1941  
965       8109 1722 12188 -904  2000  
966       8152 213  9831  546   2052  
967       8179 191  8365  1636  2096  
968       8191 1664 8370  1891  2132  
969       8185 4067 9855  1129  2159  
970       8164 6481 12252 -418  2176  
971       8127 7983 14645 -2231 2184  
972       8074 7998 16110 -3674 2182  
973       8006 6518 16072 -4267 2171  
974       7921 4112 14524 -3844 2151  
975       7822 1700 12033 -2627 2124  
976       7707 206  9522  -1134 2088  
977       7578 199  7913  8     2045  
978       7436 1684 7777  301   1993  
979       7280 4093 9120  -409  1934  
980       7113 6502 11373 -1889 1865  
981       6933 7990 13615 -3623 1788  
982       6742 7989 14923 -4981 1703  
983       6540 6497 14731 -5476 1611  
984       6329 4087 13037 -4962 1513  
985       6109 1680 10416 -3634 1409  
986       5881 198  7789  -2046 1300  
987       5646 207  6079  -809  1186  
988       5404 1705 5853  -426  1068  
989       5157 4118 7109  -1023 944   
990       4907 6523 9275  -2415 817   
991       4654 7998 11430 -4024 684   
992       4397 7981 12652 -5269 548   
993       4140 6476 12378 -5642 410   
994       3882 4061 10616 -4989 270   
995       3626 1659 7943  -3546 129   
996       3370 190  5285  -1842 -12   
997       3119 215  3560  -500  -152  
998       2870 1726 3334  0     -292  
999       2627 4144 4596  -509  -431  
1000      2390 6543 6771  -1776 -569  
1001      2160 8006 8933  -3296 -707  
1002      1937 7973 10166 -4419 -842  
1003      1723 6456 9910  -4679 -975  
1004      1518 4036 8179  -3924 -1103 
1005      1322 1639 5554  -2384 -1227 
1006      1139 182  2961  -589  -1346 
1007      967  224  1321  827   -1458 
1008      807  1747 1191  1395  -1565 
1009      660  4169 2554  952   -1667 
1010      527  6564 4829  -251  -1762 
1011      408  8014 7091  -1712 -1852 
1012      303  7964 8422  -2775 -1935 
1013      214  6435 8267  -2979 -2012 
1014      139  4010 6649  -2166 -2080 
1015      81   1618 4149  -589  -2139 
1016      38   174  1699  1231  -2190 
1017      12   233  212   2667  -2231 
1018      1    1768 245   3244  -2264 
1019      7    4195 1769  2794  -2289 
1020      30   6584 4202  1577  -2305 
1021      67   8022 6614  119   -2313 
1022      121  7955 8089  -956  -2313 
1023      190  6414 8076  -1174 -2304 
1024      275  3985 6604  -387  -2287 
1025      376  1598 4260  1166  -2259 
1026      492  167  1974  2936  -2222 
1027      621  241  659   4318  -2176 
1028      763  1789 862   4816  -2122 
1029      920  4220 2552  4301  -2059 
1030      1088 6604 5140  3011  -1990 
1031      1268 8029 7692  1473  -1913 
1032      1460 7948 9297  330   -1830 
1033      1663 6392 9408  43    -1740 
1034      1873 3959 8055  746   -1643 
1035      2095 1577 5832  2204  -1540 
1036      2323 159  3672  3880  -1430 
1037      2558 249  2482  5153  -1313 
1038      2799 1811 2807  5537  -1192 
1039      3046 4246 4610  4897  -1066 
1040      3297 6625 7292  3492  -938  
1041      3551 8035 9922  1846  -806  
1042      3808 7939 11586 587   -673  
1043      4065 6371 11747 191   -537  
1044      4323 3933 10436 793   -398  
1045      4579 1557 8256  2139  -258  
1046      4834 153  6136  3703  -117  
1047      5086 258  4987  4844  26    
1048      5334 1832 5344  5100  169   
1049      5577 4272 7166  4350  310   
1050      5813 6645 9849  2826  449   
1051      6044 8043 12458 1078  585   
1052      6266 7930 14087 -277  718   
1053      6480 6349 14196 -766  848   
1054      6684 3907 12829 -257  974   
1055      6879 1537 10591 1005  1097  
1056      7062 146  8416  2477  1216  
1057      7234 267  7208  3528  1331  
1058      7392 1853 7501  3705  1440  
1059      7539 4298 9245  2864  1543  
1060      7671 6665 11837 1270  1639  
1061      7790 8049 14336 -539  1728  
1062      7893 7921 15839 -1952 1809  
1063      7983 6329 15814 -2472 1882  
1064      8056 3881 14312 -1996 1948  
1065      8113 1517 11937 -760  2007  
1066      8156 139  9630  683   2058  
1067      8181 276  8295  1711  2101  
1068      8190 1875 8457  1858  2136  
1069      8184 4324 10065 1005  2162  
1070      8161 6685 12508 -596  2179  
1071      8123 8056 14846 -2399 2185  
1072      8067 7912 16179 -3775 2182  
1073      7998 6306 15979 -4269 2170  
1074      7912 3855 14304 -3748 2150  
1075      7810 1497 11767 -2483 2121  
1076      7694 133  9307  -996  2085  
1077      7565 285  7827  83    2041  
1078      7422 1896 7850  277   1988  
1079      7264 4350 9318  -529  1928  
1080      7096 6705 11614 -2057 1858  
1081      6915 8062 13801 -3783 1781  
1082      6722 7902 14977 -5076 1695  
1083      6519 6285 14624 -5474 1602  
1084      6307 3830 12804 -4855 1503  
1085      6086 1477 10137 -3483 1399  
1086      5857 126  7563  -1896 1289  
1087      5622 295  5983  -729  1175  
1088      5380 1918 5917  -439  1056  
1089      5133 4375 7298  -1138 932   
1090      4883 6725 9508  -2564 804   
1091      4628 8068 11608 -4181 671   
1092      4372 7892 12696 -5349 535   
1093      4114 6263 12264 -5617 396   
1094      3857 3804 10377 -4870 256   
1095      3600 1457 7661  -3376 116   
1096      3345 121  5057  -1682 -25   
1097      3094 305  3466  -409  -165  
1098      2846 1940 3399  -10   -305  
1099      2603 4401 4786  -607  -444  
1100      2368 6744 7004  -1929 -582  
1101      2138 8075 9112  -3433 -719  
1102      1915 7883 10213 -4486 -855  
1103      1701 6241 9798  -4651 -987  
1104      1497 3779 7942  -3796 -1115 
1105      1304 1438 5276  -2208 -1238 
1106      1121 114  2742  -420  -1356 
1107      950  315  1235  932   -1468 
1108      792  1962 1265  1398  -1575 
1109      647  4426 2754  858   -1676 
1110      515  6764 5073  -402  -1771 
1111      397  8081 7279  -1842 -1860 
1112      294  7872 8478  -2836 -1943 
1113      206  6219 8166  -2936 -2019 
1114      132  3753 6425  -2037 -2086 
1115      77   1418 3885  -404  -2145 
1116      35   109  1495  1410  -2194 
1117      10   325  144   2773  -2235 
1118      1    1984 335   3239  -2267 
1119      9    4452 1985  2694  -2290 
1120      33   6784 4461  1430  -2306 
1121      71   8086 6817  -15   -2313 
1122      128  7863 8157  -1024 -2312 
1123      199  6197 7991  -1137 -2303 
1124      285  3727 6396  -261  -2284 
1125      387  1398 4012  1341  -2255 
1126      504  103  1785  3108  -2218 
1127      634  334  607   4417  -2171 
1128      778  2006 968   4811  -2115 
1129      936  4477 2784  4201  -2052 
1130      1106 6803 5413  2858  -1982 
1131      1287 8093 7909  1336  -1905 
1132      1480 7852 9380  256   -1821 
1133      1684 6174 9332  67    -1731 
1134      1896 3702 7858  863   -1633 
1135      2117 1379 5598  2369  -1529 
1136      2346 97   3496  4032  -1418 
1137      2582 345  2443  5226  -1301 
1138      2824 2029 2927  5514  -1179 
1139      3071 4503 4853  4786  -1053 
1140      3322 6822 7574  3325  -924  
1141      3577 8098 10144 1692  -792  
1142      3833 7842 11675 508   -658  
1143      4091 6153 11675 214   -522  
1144      4348 3676 10244 896   -383  
1145      4604 1360 8024  2296  -243  
1146      4859 91   5964  3846  -101  
1147      5111 355  4950  4916  41    
1148      5359 2051 5466  5078  184   
1149      5601 4528 7410  4228  325   
1150      5836 6841 10129 2652  463   
1151      6066 8104 12677 911   599   
1152      6288 7832 14170 -372  732   
1153      6501 6130 14120 -765  861   
1154      6705 3651 12631 -159  987   
1155      6897 1341 10356 1156  1109  
1156      7080 86   8238  2614  1228  
1157      7250 365  7166  3591  1342  
1158      7408 2073 7615  3657  1451  
1159      7553 4554 9481  2735  1554  
1160      7684 6861 12107 1082  1649  
1161      7801 8109 14545 -711  1736  
1162      7902 7821 15910 -2043 1816  
1163      7990 6108 15723 -2471 1889  
1164      8062 3625 14098 -1894 1954  
1165      8118 1322 11687 -622  2011  
1166      8159 81   9440  818   2062  
1167      8183 376  8240  1763  2104  
1168      8191 2095 8559  1815  2138  
1169      8183 4580 10286 870   2163  
1170      8158 6880 12763 -777  2179  
1171      8118 8113 15038 -2569 2185  
1172      8061 7810 16231 -3870 2181  
1173      7989 6085 15871 -4264 2168  
1174      7903 3599 14074 -3654 2147  
1175      7800 1303 11502 -2326 2118  
1176      7683 77   9103  -859  2081  
1177      7552 387  7760  142   2036  
1178      7406 2118 7939  235   1983  
1179      7248 4605 9524  -652  1922  
1180      7077 6898 11853 -2235 1851  
1181      6896 8118 13975 -3942 1773  
1182      6702 7800 15014 -5157 1686  
1183      6498 6063 14502 -5455 1593  
1184      6285 3574 12561 -4740 1493  
1185      6064 1285 9859  -3324 1388  
1186      5834 72   7349  -1755 1278  
1187      5597 398  5906  -659  1163  
1188      5356 2140 5995  -468  1043  
1189      5108 4631 7496  -1256 919   
1190      4857 6917 9739  -2735 790   
1191      4602 8123 11774 -4326 657   
1192      4346 7788 12725 -5422 521   
1193      4088 6040 12134 -5589 382   
1194      3831 3548 10128 -4748 241   
1195      3575 1266 7379  -3209 101   
1196      3320 67   4841  -1526 -40   
1197      3069 409  3387  -326  -180  
1198      2821 2163 3478  -22   -320  
1199      2579 4657 4984  -714  -459  
1200      2343 6936 7236  -2082 -597  
1201      2115 8127 9279  -3567 -734  
1202      1893 7778 10242 -4547 -869  
1203      1681 6017 9671  -4605 -1001 
1204      1477 3522 7698  -3665 -1128 
1205      1285 1247 4999  -2026 -1251 
1206      1103 62   2532  -262  -1369 
1207      933  420  1165  1020  -1480 
1208      776  2185 1353  1385  -1586 
1209      632  4683 2961  764   -1686 
1210      503  6955 5315  -547  -1781 
1211      386  8132 7458  -1968 -1869 
1212      285  7765 8518  -2894 -1951 
1213      198  5995 8050  -2897 -2026 
1214      126  3498 6193  -1904 -2093 
1215      72   1229 3624  -216  -2150 
1216      32   58   1301  1568  -2199 
1217      8    432  90    2860  -2239 
1218      1    2208 440   3230  -2270 
1219      11   4708 2209  2600  -2293 
1220      36   6972 4719  1287  -2308 
1221      77   8137 7008  -146  -2314 
1222      134  7754 8214  -1084 -2313 
1223      206  5972 7888  -1094 -2302 
1224      294  3471 6178  -123  -2282 
1225      398  1211 3765  1526  -2253 
1226      516  53   1609  3265  -2214 
1227      647  443  569   4497  -2166 
1228      793  2232 1090  4793  -2110 
1229      952  4734 3025  4087  -2046 
1230      1123 6991 5686  2701  -1975 
1231      1305 8141 8114  1196  -1897 
1232      1500 7743 9446  183   -1812 
1233      1704 5949 9243  99    -1721 
1234      1917 3446 7653  990   -1623 
1235      2140 1192 5363  2541  -1518 
1236      2369 50   3332  4183  -1406 
1237      2606 455  2419  5304  -1289 
1238      2848 2255 3061  5488  -1167 
1239      3097 4759 5103  4664  -1041 
1240      3348 7009 7856  3157  -911  
1241      3603 8144 10357 1541  -779  
1242      3858 7731 11747 430   -645  
1243      4116 5926 11589 233   -509  
1244      4374 3421 10042 1013  -370  
1245      4630 1174 7795  2457  -230  
1246      4885 45   5804  3978  -88   
1247      5136 466  4930  4975  55    
1248      5383 2277 5602  5036  197   
1249      5624 4784 7660  4092  338   
1250      5861 7027 10408 2469  476   
1251      6088 8148 12888 754   612   
1252      6310 7719 14236 -454  744   
1253      6522 5903 14029 -740  873   
1254      6725 3396 12425 -52   999   
1255      6916 1156 10121 1303  1121  
1256      7098 42   8072  2742  1239  
1257      7266 479  7140  3645  1353  
1258      7423 2300 7745  3612  1461  
1259      7567 4809 9723  2595  1562  
1260      7696 7045 12376 904   1657  
1261      7812 8152 14741 -878  1743  
1262      7912 7706 15964 -2129 1822  
1263      7998 5880 15618 -2451 1894  
1264      8068 3370 13878 -1799 1958  
1265      8123 1138 11438 -469  2015  
1266      8161 38   9261  936   2065  
1267      8184 492  8199  1820  2107  
1268      8191 2324 8676  1766  2140  
1269      8180 4835 10515 727   2164  
1270      8155 7062 13015 -961  2179  
1271      8113 8155 15217 -2734 2184  
1272      8055 7694 16268 -3954 2179  
1273      7981 5857 15749 -4240 2165  
1274      7892 3345 13838 -3543 2144  
1275      7789 1121 11237 -2180 2114  
1276      7669 35   8910  -726  2076  
1277      7538 504  7704  197   2030  
1278      7391 2347 8042  195   1976  
1279      7232 4859 9738  -793  1914  
1280      7060 7080 12091 -2406 1843  
1281      6878 8159 14140 -4095 1764  
1282      6682 7682 15037 -5237 1677  
1283      6477 5834 14364 -5420 1583  
1284      6264 3320 12311 -4621 1483  
1285      6040 1103 9584  -3164 1377  
1286      5811 32   7143  -1618 1267  
1287      5574 517  5843  -592  1152  
1288      5332 2369 6091  -504  1032  
1289      5083 4885 7701  -1384 907   
1290      4831 7098 9968  -2901 778   
1291      4577 8161 11929 -4470 644   
1292      4321 7669 12738 -5479 508   
1293      4063 5811 11990 -5543 368   
1294      3805 3294 9874  -4621 228   
1295      3549 1085 7099  -3034 87    
1296      3295 29   4634  -1374 -54   
1297      3044 529  3324  -247  -194  
1298      2797 2393 3573  -50   -333  
1299      2556 4910 5190  -824  -472  
1300      2321 7115 7466  -2232 -611  
1301      2092 8165 9436  -3699 -747  
1302      1871 7657 10257 -4602 -882  
1303      1660 5787 9528  -4552 -1013 
1304      1458 3269 7447  -3529 -1141 
1305      1266 1068 4727  -1847 -1263 
1306      1086 26   2334  -96   -1379 
1307      918  541  1112  1106  -1490 
1308      762  2417 1459  1363  -1596 
1309      619  4936 3179  654   -1695 
1310      490  7132 5555  -695  -1789 
1311      375  8167 7622  -2098 -1877 
1312      275  7644 8542  -2938 -1959 
1313      190  5764 7919  -2836 -2033 
1314      121  3244 5954  -1763 -2098 
1315      68   1051 3365  -37   -2155 
1316      29   24   1119  1729  -2203 
1317      7    554  53    2942  -2242 
1318      1    2441 561   3208  -2273 
1319      12   4961 2442  2494  -2295 
1320      39   7149 4973  1140  -2308 
1321      82   8170 7188  -271  -2314 
1322      141  7632 8252  -1124 -2312 
1323      215  5740 7773  -1037 -2300 
1324      304  3218 5955  22    -2279 
1325      409  1034 3522  1705  -2249 
1326      529  21   1443  3420  -2209 
1327      661  568  550   4571  -2160 
1328      808  2464 1229  4766  -2103 
1329      969  4986 3272  3976  -2038 
1330      1141 7167 5955  2548  -1966 
1331      1324 8172 8308  1064  -1888 
1332      1519 7618 9496  138   -1803 
1333      1725 5716 9137  148   -1711 
1334      1939 3194 7441  1117  -1612 
1335      2163 1017 5133  2713  -1507 
1336      2393 19   3180  4330  -1395 
1337      2630 580  2412  5367  -1277 
1338      2873 2487 3210  5442  -1154 
1339      3121 5011 5360  4537  -1028 
1340      3373 7183 8132  2995  -898  
1341      3628 8175 10556 1398  -766  
1342      3884 7605 11803 367   -632  
1343      4142 5693 11489 272   -495  
1344      4399 3168 9835  1136  -357  
1345      4656 1001 7567  2612  -216  
1346      4910 16   5657  4112  -74   
1347      5160 594  4926  5026  69    
1348      5407 2511 5754  4981  211   
1349      5648 5036 7918  3956  352   
1350      5883 7201 10684 2297  490   
1351      6111 8176 13084 612   626   
1352      6332 7592 14287 -534  758   
1353      6542 5669 13924 -713  886   
1354      6743 3143 12211 71    1012  
1355      6935 983  9886  1460  1134  
1356      7115 14   7918  2856  1252  
1357      7282 607  7129  3685  1365  
1358      7437 2534 7889  3559  1472  
1359      7580 5060 9971  2442  1573  
1360      7708 7218 12640 720   1667  
1361      7823 8179 14926 -1033 1753  
1362      7922 7578 16002 -2207 1831  
1363      8005 5646 15500 -2434 1902  
1364      8074 3119 13651 -1680 1965  
1365      8127 967  11193 -321  2021  
1366      8164 12   9094  1058  2070  
1367      8186 621  8176  1859  2111  
1368      8191 2558 8807  1704  2143  
1369      8179 5086 10749 583   2167  
1370      8151 7234 13265 -1147 2180  
1371      8107 8181 15385 -2883 2184  
1372      8048 7564 16288 -4034 2178  
1373      7973 5622 15612 -4217 2164  
1374      7883 3094 13595 -3429 2141  
1375      7778 950  10977 -2024 2111  
1376      7657 10   8728  -605  2072  
1377      7524 634  7667  242   2026  
1378      7376 2582 8158  136   1971  
1379      7214 5111 9958  -933  1908  
1380      7042 7250 12325 -2588 1836  
1381      6858 8183 14292 -4246 1756  
1382      6663 7551 15041 -5301 1669  
1383      6456 5597 14214 -5385 1574  
1384      6242 3069 12053 -4501 1473  
1385      6018 933  9311  -2999 1367  
1386      5787 8    6951  -1480 1256  
1387      5550 648  5795  -539  1141  
1388      5307 2607 6198  -551  1020  
1389      5058 5136 7914  -1514 895   
1390      4806 7266 10194 -3059 765   
1391      4551 8184 12072 -4601 631   
1392      4294 7537 12735 -5535 494   
1393      4037 5573 11831 -5498 355   
1394      3780 3044 9610  -4480 214   
1395      3523 918  6824  -2866 73    
1396      3269 7    4441  -1231 -67   
1397      3020 661  3276  -184  -208  
1398      2773 2630 3681  -93   -347  
1399      2532 5161 5403  -947  -486  
1400      2297 7282 7693  -2393 -624  
1401      2070 8186 9579  -3822 -761  
1402      1850 7524 10256 -4641 -895  
1403      1639 5550 9374  -4493 -1026 
1404      1438 3020 7189  -3372 -1153 
1405      1248 901  4458  -1660 -1275 
1406      1068 6    2149  57    -1391 
1407      901  676  1074  1181  -1502 
1408      747  2655 1577  1335  -1607 
1409      605  5185 3402  538   -1706 
1410      478  7299 5790  -849  -1799 
1411      365  8187 7777  -2211 -1887 
1412      265  7509 8552  -2977 -1967 
1413      183  5525 7774  -2771 -2040 
1414      115  2994 5708  -1609 -2105 
1415      63   886  3109  144   -2161 
1416      26   5    949   1887  -2208 
1417      6    690  31    3017  -2246 
1418      2    2678 696   3178  -2275 
1419      14   5210 2680  2376  -2296 
1420      43   7315 5224  985   -2309 
1421      87   8188 7358  -392  -2314 
1422      148  7495 8275  -1163 -2311 
1423      223  5502 7643  -976  -2299 
1424      315  2969 5725  164   -2277 
1425      420  869  3284  1875  -2246 
1426      541  4    1289  3571  -2205 
1427      676  704  545   4639  -2156 
1428      824  2702 1380  4730  -2098 
1429      985  5234 3526  3849  -2032 
1430      1158 7330 6219  2390  -1960 
1431      1343 8188 8488  936   -1881 
1432      1539 7481 9531  92    -1795 
1433      1745 5477 9020  204   -1702 
1434      1961 2945 7222  1268  -1602 
1435      2185 854  4906  2882  -1496 
1436      2416 3    3039  4465  -1383 
1437      2654 719  2419  5425  -1265 
1438      2898 2726 3373  5391  -1141 
1439      3146 5259 5624  4398  -1015 
1440      3399 7346 8405  2823  -885  
1441      3654 8189 10745 1262  -753  
1442      3911 7466 11843 308   -618  
1443      4168 5454 11377 319   -482  
1444      4425 2920 9622  1269  -343  
1445      4682 838  7345  2770  -202  
1446      4936 2    5520  4236  -60   
1447      5185 734  4938  5074  83    
1448      5431 2751 5919  4919  225   
1449      5671 5284 8182  3808  365   
1450      5906 7362 10955 2112  503   
1451      6133 8190 13268 450   638   
1452      6353 7451 14323 -598  769   
1453      6563 5429 13804 -679  897   
1454      6764 2895 11992 182   1022  
1455      6954 823  9659  1604  1144  
1456      7132 2    7777  2977  1261  
1457      7299 748  7134  3716  1374  
1458      7453 2775 8047  3479  1481  
1459      7593 5309 10228 2291  1581  
1460      7720 7377 12902 531   1674  
1461      7833 8191 15097 -1180 1760  
1462      7931 7436 16024 -2277 1838  
1463      8013 5404 15367 -2396 1908  
1464      8080 2870 13417 -1564 1971  
1465      8132 807  10950 -174  2026  
1466      8167 1    8939  1173  2074  
1467      8187 763  8168  1886  2114  
1468      8190 2799 8950  1628  2146  
1469      8177 5334 10989 428   2168  
1470      8147 7392 13511 -1334 2180  
1471      8102 8190 15539 -3034 2183  
1472      8042 7422 16292 -4098 2177  
1473      7965 5380 15464 -4177 2162  
1474      7872 2846 13345 -3309 2138  
1475      7766 792  10718 -1874 2106  
1476      7645 1    8558  -483  2067  
1477      7509 778  7646  276   2020  
1478      7360 2824 8287  66    1964  
1479      7198 5359 10184 -1075 1900  
1480      7025 7408 12557 -2766 1827  
1481      6839 8191 14433 -4387 1746  
1482      6642 7406 15030 -5355 1657  
1483      6436 5356 14048 -5340 1562  
1484      6220 2821 11792 -4370 1460  
1485      5995 776  9041  -2837 1354  
1486      5764 1    6771  -1348 1243  
1487      5526 793  5765  -493  1126  
1488      5282 2848 6319  -607  1006  
1489      5033 5383 8130  -1648 880   
1490      4781 7423 10416 -3227 750   
1491      4526 8191 12204 -4730 616   
1492      4269 7391 12717 -5576 479   
1493      4011 5332 11660 -5436 340   
1494      3754 2797 9343  -4339 199   
1495      3499 762  6551  -2689 58    
1496      3245 1    4261  -1087 -82   
1497      2995 808  3246  -129  -222  
1498      2748 2873 3803  -127  -362  
1499      2509 5407 5621  -1074 -501  
1500      2274 7437 7916  -2545 -639  
1501      2048 8191 9711  -3942 -775  
1502      1829 7376 10239 -4680 -909  
1503      1619 5307 9205  -4423 -1040 
1504      1419 2773 6926  -3225 -1166 
1505      1229 747  4192  -1483 -1287 
1506      1051 2    1976  204   -1403 
1507      886  824  1053  1232  -1513 
1508      732  2898 1710  1290  -1617 
1509      592  5431 3630  420   -1715 
1510      466  7453 6023  -990  -1808 
1511      353  8190 7919  -2330 -1895 
1512      256  7360 8543  -3002 -1975 
1513      175  5282 7616  -2695 -2047 
1514      109  2748 5457  -1447 -2111 
1515      58   732  2857  333   -2166 
1516      24   2    790   2037  -2212 
1517      5    839  26    3080  -2249 
1518      2    2922 844   3138  -2277 
1519      16   5456 2924  2255  -2298 
1520      46   7467 5472  837   -2310 
1521      92   8189 7513  -503  -2314 
1522      154  7344 8281  -1191 -2309 
1523      232  5257 7498  -903  -2296 
1524      325  2724 5489  321   -2273 
1525      432  717  3049  2069  -2241 
1526      554  3    1149  3713  -2200 
1527      690  855  557   4694  -2149 
1528      839  2947 1545  4677  -2091 
1529      1002 5480 3786  3723  -2025 
1530      1176 7481 6482  2238  -1952 
1531      1362 8189 8657  821   -1872 
1532      1560 7329 9551  55    -1786 
1533      1767 5233 8889  275   -1693 
1534      1982 2700 7000  1413  -1593 
1535      2208 703  4682  3053  -1486 
1536      2441 4    2911  4598  -1373 
1537      2678 871  2445  5465  -1254 
1538      2922 2972 3549  5337  -1130 
1539      3172 5504 5894  4262  -1003 
1540      3424 7496 8676  2655  -873  
1541      3679 8188 10920 1130  -740  
1542      3935 7313 11867 265   -605  
1543      4194 5208 11248 371   -468  
1544      4451 2675 9402  1407  -329  
1545      4707 689  7126  2927  -188  
1546      4960 5    5396  4362  -46   
1547      5209 887  4965  5103  97    
1548      5456 2996 6096  4846  239   
1549      5695 5529 8452  3657  380   
1550      5929 7511 11224 1940  517   
1551      6156 8187 13440 311   652   
1552      6374 7297 14343 -648  783   
1553      6583 5183 13671 -630  911   
1554      6783 2652 11766 306   1036  
1555      6972 674  9435  1754  1157  
1556      7149 6    7646  3089  1274  
1557      7314 903  7155  3742  1386  
1558      7467 3021 8217  3403  1492  
1559      7607 5552 10488 2127  1592  
1560      7732 7525 13159 350   1684  
1561      7844 8185 15257 -1332 1769  
1562      7939 7280 16029 -2334 1846  
1563      8021 5158 15219 -2352 1915  
1564      8086 2628 13179 -1445 1978  
1565      8136 660  10714 -33   2032  
1566      8170 7    8796  1283  2080  
1567      8188 920  8177  1907  2119  
1568      8189 3046 9108  1546  2149  
1569      8175 5577 11235 269   2170  
1570      8144 7538 13752 -1516 2182  
1571      8096 8184 15682 -3178 2184  
1572      8035 7264 16280 -4156 2176  
1573      7956 5133 15299 -4129 2160  
1574      7863 2603 13089 -3175 2136  
1575      7755 647  10466 -1719 2103  
1576      7632 9    8402  -369  2063  
1577      7495 936  7641  302   2015  
1578      7344 3071 8431  -12   1959  
1579      7182 5600 10415 -1231 1894  
1580      7007 7553 12782 -2939 1820  
1581      6820 8183 14560 -4524 1738  
1582      6622 7248 15003 -5401 1649  
1583      6415 5108 13870 -5277 1553  
1584      6198 2580 11523 -4233 1451  
1585      5973 633  8778  -2681 1344  
1586      5740 11   6606  -1227 1232  
1587      5502 952  5751  -454  1115  
1588      5257 3097 6454  -675  994   
1589      5008 5624 8354  -1786 868   
1590      4755 7566 10632 -3393 737   
1591      4500 8180 12321 -4854 602   
1592      4244 7232 12680 -5607 465   
1593      3986 5083 11476 -5362 325   
1594      3728 2556 9069  -4195 185   
1595      3472 619  6284  -2514 44    
1596      3219 12   4091  -957  -97   
1597      2970 968  3231  -80   -237  
1598      2724 3121 3938  -190  -376  
1599      2485 5648 5845  -1208 -515  
1600      2251 7580 8133  -2701 -653  
1601      2026 8179 9831  -4057 -789  
1602      1808 7215 10205 -4704 -922  
1603      1599 5058 9023  -4341 -1053 
1604      1399 2532 6657  -3066 -1178 
1605      1211 605  3931  -1298 -1299 
1606      1034 14   1816  343   -1414 
1607      870  985  1048  1290  -1523 
1608      717  3146 1855  1243  -1627 
1609      579  5671 3863  286   -1725 
1610      455  7593 6250  -1138 -1817 
1611      343  8177 8048  -2431 -1903 
1612      248  7198 8520  -3020 -1982 
1613      167  5033 7446  -2605 -2054 
1614      103  2509 5200  -1287 -2117 
1615      53   592  2612  517   -2171 
1616      21   16   645   2175  -2216 
1617      4    1001 37    3136  -2252 
1618      3    3171 1005  3082  -2280 
1619      19   5695 3174  2132  -2299 
1620      50   7607 5714  694   -2310 
1621      98   8175 7657  -604  -2314 
1622      161  7182 8273  -1204 -2309 
1623      240  5009 7343  -817  -2294 
1624      334  2485 5249  485   -2271 
1625      443  579  2819  2238  -2238 
1626      567  19   1022  3856  -2195 
1627      704  1018 586   4738  -2144 
1628      855  3196 1722  4621  -2085 
1629      1018 5719 4051  3593  -2018 
1630      1194 7619 6737  2078  -1945 
1631      1382 8172 8813  700   -1865 
1632      1580 7165 9554  31    -1778 
1633      1787 4983 8745  353   -1684 
1634      2005 2462 6770  1562  -1583 
1635      2231 566  4467  3219  -1475 
1636      2463 21   2797  4728  -1361 
1637      2702 1035 2484  5501  -1242 
1638      2947 3221 3737  5270  -1118 
1639      3197 5742 6168  4119  -990  
1640      3450 7633 8939  2492  -860  
1641      3706 8169 11083 1016  -727  
1642      3962 7148 11875 229   -592  
1643      4219 4958 11110 441   -454  
1644      4477 2438 9177  1541  -315  
1645      4733 553  6915  3089  -174  
1646      4985 24   5286  4467  -31   
1647      5234 1053 5009  5121  112   
1648      5480 3247 6287  4768  254   
1649      5719 5765 8727  3493  394   
1650      5952 7645 11484 1762  531   
1651      6177 8167 13597 186   666   
1652      6395 7131 14344 -694  797   
1653      6603 4933 13526 -574  925   
1654      6803 2415 11536 442   1049  
1655      6991 541  9218  1906  1170  
1656      7167 26   7532  3196  1286  
1657      7330 1070 7193  3757  1397  
1658      7481 3272 8400  3317  1503  
1659      7619 5789 10753 1967  1602  
1660      7743 7658 13408 168   1693  
1661      7854 8164 15401 -1472 1777  
1662      7949 7113 16018 -2386 1853  
1663      8028 4907 15062 -2301 1922  
1664      8092 2391 12935 -1318 1983  
1665      8141 527  10483 112   2038  
1666      8172 30   8668  1378  2084  
1667      8188 1088 8202  1916  2123  
1668      8189 3297 9276  1459  2152  
1669      8172 5813 11486 107   2173  
1670      8140 7671 13985 -1692 2183  
1671      8091 8161 15811 -3314 2184  
1672      8028 7096 16252 -4192 2176  
1673      7948 4883 15124 -4070 2159  
1674      7852 2368 12831 -3046 2134  
1675      7743 515  10220 -1574 2100  
1676      7618 32   8258  -269  2059  
1677      7481 1105 7650  319   2010  
1678      7329 3322 8586  -93   1953  
1679      7165 5836 10651 -1386 1887  
1680      6989 7684 13001 -3112 1813  
1681      6801 8158 14673 -4642 1730  
1682      6601 7078 14959 -5436 1640  
1683      6394 4858 13679 -5214 1544  
1684      6176 2344 11252 -4092 1441  
1685      5950 503  8520  -2516 1334  
1686      5717 36   6453  -1112 1221  
1687      5477 1123 5753  -434  1104  
1688      5233 3347 6600  -748  982   
1689      4983 5860 8580  -1941 856   
1690      4730 7696 10843 -3551 725   
1691      4475 8155 12426 -4965 590   
1692      4218 7060 12630 -5630 452   
1693      3960 4832 11278 -5283 312   
1694      3703 2321 8792  -4033 171   
1695      3447 490  6024  -2342 30    
1696      3195 39   3937  -828  -111  
1697      2945 1140 3234  -44   -251  
1698      2700 3372 4085  -256  -390  
1699      2462 5883 6072  -1347 -528  
1700      2229 7708 8345  -2850 -666  
1701      2004 8151 9937  -4156 -802  
1702      1786 7043 10155 -4708 -935  
1703      1578 4807 8829  -4254 -1065 
1704      1380 2297 6385  -2900 -1190 
1705      1192 478  3677  -1120 -1310 
1706      1017 43   1670  478   -1424 
1707      854  1158 1060  1332  -1533 
1708      703  3398 2012  1185  -1636 
1709      566  5905 4101  160   -1733 
1710      442  7719 6471  -1280 -1825 
1711      333  8147 8161  -2528 -1910 
1712      239  7025 8480  -3021 -1989 
1713      160  4782 7264  -2508 -2060 
1714      97   2275 4942  -1117 -2122 
1715      50   467  2372  700   -2175 
1716      19   46   517   2309  -2219 
1717      3    1176 65    3176  -2255 
1718      4    3423 1179  3022  -2281 
1719      21   5929 3427  1999  -2300 
1720      54   7732 5950  542   -2311 
1721      103  8144 7786  -711  -2313 
1722      169  7007 8247  -1221 -2307 
1723      249  4756 7176  -718  -2292 
1724      345  2251 5005  649   -2267 
1725      455  455  2596  2421  -2233 
1726      580  50   910   3980  -2190 
1727      719  1194 630   4773  -2138 
1728      871  3449 1913  4555  -2078 
1729      1035 5951 4320  3453  -2010 
1730      1212 7743 6986  1930  -1936 
1731      1402 8140 8955  601   -1855 
1732      1601 6989 9542  18    -1767 
1733      1809 4730 8590  436   -1673 
1734      2027 2229 6539  1717  -1571 
1735      2254 443  4256  3390  -1463 
1736      2487 53   2697  4840  -1349 
1737      2726 1212 2540  5523  -1229 
1738      2972 3475 3938  5186  -1104 
1739      3222 5975 6447  3964  -976  
1740      3475 7755 9197  2320  -846  
1741      3730 8136 11230 890   -712  
1742      3987 6971 11866 207   -577  
1743      4245 4705 10958 517   -440  
1744      4502 2206 8950  1687  -300  
1745      4758 431  6708  3247  -159  
1746      5010 58   5189  4578  -17   
1747      5259 1230 5068  5137  126   
1748      5504 3500 6489  4676  268   
1749      5742 5997 9004  3340  407   
1750      5975 7767 11739 1584  544   
1751      6200 8132 13742 58    678   
1752      6417 6953 14332 -732  809   
1753      6624 4680 13370 -512  936   
1754      6822 2184 11304 579   1060  
1755      7009 419  9006  2044  1180  
1756      7183 62   7428  3289  1297  
1757      7346 1249 7245  3764  1408  
1758      7496 3525 8595  3216  1513  
1759      7633 6020 11021 1792  1611  
1760      7756 7779 13653 -15   1702  
1761      7864 8127 15535 -1605 1785  
1762      7957 6934 15991 -2422 1861  
1763      8035 4654 14891 -2237 1928  
1764      8098 2161 12689 -1181 1989  
1765      8144 408  10259 264   2042  
1766      8175 67   8552  1479  2088  
1767      8189 1267 8242  1921  2125  
1768      8188 3550 9456  1360  2154  
1769      8169 6043 11738 -66   2173  
1770      8136 7790 14212 -1872 2183  
1771      8086 8123 15926 -3440 2183  
1772      8020 6915 16209 -4231 2174  
1773      7939 4629 14935 -4006 2156  
1774      7842 2139 12568 -2909 2130  
1775      7732 397  9981  -1422 2096  
1776      7605 71   8129  -165  2055  
1777      7466 1286 7676  323   2005  
1778      7313 3576 8752  -186  1947  
1779      7148 6065 10889 -1543 1880  
1780      6971 7801 13213 -3284 1805  
1781      6781 8118 14772 -4768 1721  
1782      6581 6897 14899 -5460 1631  
1783      6372 4603 13478 -5135 1533  
1784      6154 2116 10975 -3944 1430  
1785      5927 386  8270  -2356 1322  
1786      5693 76   6313  -1010 1209  
1787      5454 1305 5769  -414  1092  
1788      5208 3602 6759  -838  969   
1789      4957 6087 8810  -2088 842   
1790      4705 7812 11044 -3709 711   
1791      4449 8113 12517 -5069 576   
