0
0
0
0
0
0
0
0
0
0
0
0
0
0
0
0
0
0
0
0
0
0
0
0
0
0
0
0
0
0
0
0
0
0
0
0
0
1
0
0
0
0
0
0
0
0
0
0
0
0
0
0
0
0
0
0
0
0
0
0
0
0
0
0
0
0
0
0
0
0
0
0
0
0
4587
6610
-6597
-1990
-1020
1980
4445
7417
-2760
4046
-2813
4372
5928
4924
-2124
-5482
-5592
6926
3895
5774
5824
4235
4506
1438
7527
-5328
-2918
-1582
-1562
6367
2108
-3023
-2806
2794
7091
-3284
7840
-7600
6118
-4081
-1252
-4248
-3742
4159
7016
7412
-7242
4079
6901
-5001
-3450
1749
7965
-7831
-3826
3094
-4974
6848
3834
-4719
-1387
-6642
-7702
-6288
6453
3402
5415
2997
1816
36
5500
5723
-2937
913
-2711
332
-4867
1568
-6609
3194
-2688
5471
-881
6382
7596
-1939
3178
-5442
2646
-6719
-2904
-7069
-7095
-6703
-704
5873
4783
-1478
-5272
5473
60
4295
-5030
5624
6999
-7285
-4762
5032
3304
-5367
-6060
